//Exported ASCII-File
[Header]
FileName = C:\Users\reoml\Desktop\Mestrado\mapa raman\novas medidas\Medidas Raman - Rafael\Medidas Raman - Rafael\GO em substrato metalico (0.1 e 0.05) - Rafael.WIP
ImageName = Scan_000_Spec.Data 1_F: Min & Max -> Maximum [1264.9 rel. 1/cm -> 1448.8 rel. 1/cm]
PointsPerLine = 61
LinesPerImage = 61
ScanUnit = µm
ScanWidth = 30
ScanHeight = 30
ScanOriginX = 11.0629997253418
ScanOriginY = 1.60099995136261
ScanOriginZ = 0
DataUnit = CCD cts
[Data]
 2.24860E+01	 4.97366E+01	 3.57360E+01	 2.21945E+01	 3.84158E+01	 5.72452E+01	 5.52571E+01	 4.32501E+01	 2.40980E+01	 1.99941E+01	 1.39436E+01	 1.06768E+01	 2.80205E+00	 2.90019E+00	 2.85132E+00	 6.40240E+00	 3.42451E+00	 3.71565E+00	 4.67806E+00	 4.92014E+00	 4.07807E+00	 4.16025E+00	 4.56145E+00	 3.13974E+00	 3.67758E+00	 4.97071E+00	 3.21602E+00	 4.61330E+00	 4.91267E+00	 4.79880E+00	 3.64591E+00	 4.45009E+00	 2.99719E+00	 2.83455E+00	 8.78298E+00	 4.39280E+01	 5.89931E+01	 2.15001E+01	 4.18244E+00	 2.15030E+00	 2.98076E+00	 5.14021E+00	 4.68170E+00	 5.78305E+00	 4.68926E+00	 2.34909E+01	 6.17804E+01	 2.72323E+01	 5.68161E+00	 2.59903E+00	 8.96263E+00	 1.67283E+01	 5.61636E+01	 7.83785E+01	 1.98778E+01	 5.66139E+00	 5.25000E+00	 6.65001E+00	 5.60409E+00	 3.92347E+00	 6.86027E+00
 7.94790E+01	 6.74837E+01	 2.61384E+01	 2.24136E+01	 2.19812E+01	 3.51124E+01	 6.39720E+01	 5.99827E+01	 4.82067E+01	 2.56085E+01	 2.75663E+01	 4.16786E+01	 2.15168E+01	 4.30079E+00	 4.84030E+00	 3.27498E+00	 4.73337E+00	 2.88359E+00	 3.87129E+00	 2.18639E+00	 3.65240E+00	 3.34053E+00	 4.04059E+00	 2.52158E+00	 3.70085E+00	 3.38727E+00	 4.98172E+00	 2.70071E+00	 2.65614E+00	 3.38028E+00	 4.61033E+00	 1.35182E+00	 3.69535E+00	 3.93106E+00	 1.81524E+01	 6.55487E+01	 7.54202E+01	 2.84823E+01	 6.30557E+00	 2.45759E+00	 3.37296E+00	 3.30426E+00	 4.33787E+00	 7.74852E+00	 2.54253E+01	 7.30948E+01	 7.20269E+01	 2.44937E+01	 4.56507E+00	 5.38021E+00	 3.38668E+01	 2.37243E+01	 7.22010E+01	 9.74024E+01	 2.55303E+01	 4.32277E+00	 5.15030E+00	 3.59762E+00	 2.25000E+00	 3.02601E+00	 4.53252E+00
 8.01636E+01	 3.05935E+01	 1.03961E+01	 1.57367E+01	 3.22179E+01	 6.09253E+01	 7.24194E+01	 7.00584E+01	 6.26111E+01	 3.51608E+01	 2.35234E+01	 2.93565E+01	 1.76124E+01	 5.04230E+00	 2.45341E+00	 3.50609E+00	 1.29755E+01	 9.41506E+00	 3.51230E+00	 2.27460E+00	 4.65254E+00	 4.33178E+00	 2.47071E+00	 2.13890E+00	 3.92416E+00	 3.22312E+00	 5.50603E+00	 3.96876E+00	 2.67014E+00	 3.46147E+00	 4.15164E+00	 2.47008E+00	 2.59038E+00	 4.23828E+00	 3.50887E+01	 8.62074E+01	 1.06084E+02	 6.26273E+01	 1.18278E+01	 2.37025E+00	 2.95759E+00	 3.52483E+00	 2.58636E+00	 1.25272E+01	 4.58099E+01	 6.54750E+01	 1.85303E+01	 4.55557E+00	 2.65426E+00	 8.32937E+00	 3.30084E+01	 1.44207E+01	 2.11572E+01	 1.79393E+01	 5.95792E+00	 3.99719E+00	 3.03381E+00	 4.02927E+00	 3.74414E+00	 3.20341E+00	 2.25976E+00
 2.27009E+01	 9.54082E+00	 1.85180E+01	 5.47845E+01	 1.05200E+02	 1.18853E+02	 7.92558E+01	 5.77360E+01	 3.30444E+01	 2.66402E+01	 1.30804E+01	 4.36710E+00	 4.08842E+00	 2.66395E+00	 2.96537E+00	 4.77203E+00	 4.09942E+00	 2.97547E+00	 2.50000E+00	 2.45011E+00	 2.22511E+00	 3.34108E+00	 2.66017E+00	 2.77000E+00	 4.33236E+00	 3.90817E+00	 1.92679E+00	 2.06372E+00	 1.32702E+00	 4.04553E+00	 2.55203E+00	 1.48126E+00	 2.53903E+00	 3.69011E+00	 3.25144E+01	 8.12687E+01	 1.03182E+02	 4.49102E+01	 8.39796E+00	 3.41685E+00	 2.58486E+00	 3.64035E+00	 8.48600E+00	 4.49346E+01	 3.50423E+01	 1.40176E+01	 4.48126E+00	 4.14035E+00	 3.11944E+00	 3.35495E+00	 1.19387E+01	 4.03252E+00	 3.03903E+00	 3.63011E+00	 4.05044E+00	 3.80853E+00	 3.19289E+00	 2.70011E+00	 2.87167E+00	 2.84320E+00	 6.83422E+00
 5.20561E+01	 4.77131E+01	 7.16394E+01	 7.77745E+01	 9.37664E+01	 8.46577E+01	 6.74750E+01	 5.55971E+01	 4.43899E+01	 2.83061E+01	 1.13902E+01	 2.96537E+00	 4.07154E+00	 4.28902E+00	 3.09279E+00	 2.36027E+00	 1.08708E+00	 2.40022E+00	 4.26301E+00	 4.25000E+00	 3.01951E+00	 2.78903E+00	 2.35733E+00	 2.94743E+00	 1.70127E+00	 3.64640E+00	 3.11710E+00	 2.30205E+00	 4.01634E+00	 3.03710E+00	 3.05639E+00	 2.55203E+00	 2.93013E+00	 2.84320E+00	 1.06461E+01	 2.31651E+01	 3.22662E+01	 2.07680E+01	 9.82837E+00	 6.42416E+00	 4.08781E+00	 3.87879E+00	 1.14144E+01	 5.38043E+01	 5.83043E+01	 2.80663E+01	 7.15817E+00	 4.41818E+00	 3.36033E+00	 1.48003E+00	 3.23537E+00	 4.51301E+00	 2.98876E+00	 2.38028E+00	 3.67679E+00	 4.29878E+00	 3.18013E+00	 4.58658E+00	 1.54977E+01	 1.84082E+01	 2.19393E+01
 5.60912E+01	 5.00360E+01	 3.42923E+01	 2.43534E+01	 3.77571E+01	 4.01729E+01	 3.22495E+01	 3.10220E+01	 2.45936E+01	 1.48363E+01	 5.80426E+00	 2.02601E+00	 5.19010E+00	 1.46672E+00	 2.88023E+00	 2.54053E+00	 2.04553E+00	 2.86540E+00	 1.13025E+00	 2.55129E+00	 2.36110E+00	 2.41667E+00	 3.09279E+00	 4.08178E+00	 2.83197E+00	 2.62296E+00	 2.00650E+00	 3.26951E+00	 2.23004E+00	 3.22006E+00	 3.13013E+00	 2.75650E+00	 6.96809E-01	 2.85033E+00	 1.26623E+01	 2.53552E+01	 1.66052E+01	 7.95675E+00	 1.10606E+01	 4.50838E+00	 4.04406E+00	 2.84427E+00	 2.50188E+00	 1.03639E+01	 2.18413E+01	 2.72620E+01	 1.43596E+01	 4.66618E+00	 2.37767E+00	 2.84108E+00	 1.78052E+00	 4.59033E+00	 1.76951E+00	 2.00000E+00	 2.77115E+00	 1.96007E+00	 1.74334E+00	 9.16589E+00	 2.75935E+01	 1.76893E+01	 5.58925E+00
 1.77515E+01	 2.91887E+01	 2.53608E+01	 2.64065E+01	 2.48061E+01	 2.37959E+01	 2.68201E+01	 2.14159E+01	 8.22132E+00	 4.25650E+00	 2.47349E+00	 2.74333E+00	 2.78902E+00	 1.52927E+00	 3.23004E+00	 2.74398E+00	 3.31816E+00	 4.14796E+00	 3.33119E+00	 2.07806E+00	 2.56830E+00	 3.42014E+00	 2.62025E+00	 1.84108E+00	 2.46008E+00	 3.44010E+00	 2.20341E+00	 3.38011E+00	 4.62863E+00	 4.74414E+00	 2.40024E+00	 2.70341E+00	 3.06213E+00	 2.65024E+00	 2.65240E+00	 7.85126E+00	 5.49208E+00	 2.43564E+00	 3.18865E+00	 2.34030E+00	 2.43204E+00	 3.27927E+00	 3.01951E+00	 5.03305E+00	 2.24184E+01	 2.19944E+01	 9.72009E+00	 5.12426E+00	 3.56083E+00	 2.78902E+00	 2.30853E+00	 3.73717E+00	 3.71228E+00	 4.01230E+00	 3.19263E+00	 1.94263E+00	 3.23405E+00	 2.89021E+00	 1.11694E+01	 2.20543E+01	 1.80790E+01
 8.02551E+00	 1.32352E+01	 2.14734E+01	 2.76781E+01	 2.57317E+01	 3.35094E+01	 3.50701E+01	 1.97959E+01	 5.35506E+00	 3.79878E+00	 4.00079E+00	 4.00079E+00	 5.33197E+00	 4.22131E+00	 3.39102E+00	 3.72547E+00	 1.25120E+01	 1.79151E+01	 1.22665E+01	 5.13974E+00	 2.68345E+00	 4.40683E+00	 2.54059E+00	 2.34427E+00	 3.43076E+00	 2.84279E+00	 3.82606E+00	 4.41017E+00	 1.80264E+00	 3.30127E+00	 3.80854E+00	 4.00976E+00	 4.28383E+00	 1.53052E+00	 4.35733E+00	 5.22330E+00	 3.96228E+00	 3.91355E+00	 3.27460E+00	 2.55853E+00	 1.93028E+00	 2.13011E+00	 3.02601E+00	 2.03238E+01	 6.21379E+01	 6.74969E+01	 3.67995E+01	 2.51572E+01	 2.29860E+01	 1.12477E+01	 3.15611E+00	 2.60245E+00	 2.03381E+00	 2.15022E+00	 4.31145E+00	 3.71263E+00	 2.81504E+00	 9.58626E+00	 4.13471E+01	 7.04384E+01	 7.58373E+01
 2.19010E+00	 3.74208E+00	 8.69165E+00	 1.89417E+01	 2.34094E+01	 2.20867E+01	 1.82348E+01	 1.10168E+01	 3.05078E+00	 3.26079E+00	 1.32500E+01	 1.84123E+01	 1.71139E+01	 1.74944E+01	 1.94808E+01	 2.28112E+01	 3.42010E+01	 4.23504E+01	 4.09837E+01	 2.41110E+01	 3.64152E+00	 2.52927E+00	 4.29394E+00	 4.83178E+00	 7.14912E+00	 9.85853E+00	 7.30731E+00	 3.65686E+00	 3.32702E+00	 4.30041E+00	 2.36727E+00	 5.37726E+00	 6.17850E+00	 1.96172E+00	 1.55781E+00	 2.62354E+00	 3.59033E+00	 3.17679E+00	 3.01068E+00	 1.40686E+00	 3.07043E+00	 2.88028E+00	 8.47927E+00	 3.20058E+01	 9.44447E+01	 1.23634E+02	 7.91947E+01	 4.34019E+01	 2.50935E+01	 5.99852E+00	 2.44324E+00	 1.84108E+00	 2.45127E+00	 2.95759E+00	 6.90817E+00	 9.04592E+00	 8.81123E+00	 1.42539E+01	 3.37921E+01	 7.09463E+01	 6.68412E+01
 1.89021E+00	 2.60363E+00	 4.65254E+00	 1.05863E+01	 1.75848E+01	 1.68265E+01	 1.26633E+01	 3.02337E+00	 2.52337E+00	 8.26170E+00	 2.50851E+01	 3.25058E+01	 2.61888E+01	 2.84388E+01	 3.20561E+01	 3.46607E+01	 3.49848E+01	 3.88580E+01	 4.89734E+01	 3.59486E+01	 9.83037E+00	 4.22819E+00	 1.66684E+01	 3.08521E+01	 4.57501E+01	 4.92663E+01	 1.78379E+01	 4.35949E+00	 4.05853E+00	 4.99333E+00	 2.31506E+00	 2.75976E+00	 3.05047E+00	 4.12181E+00	 5.19089E+00	 4.37129E+00	 3.14352E+00	 3.95071E+00	 3.22066E+00	 2.35409E+00	 7.98513E-01	 1.71475E+00	 8.44361E+00	 3.46292E+01	 6.20567E+01	 5.57103E+01	 2.81108E+01	 6.37577E+00	 2.88511E+00	 2.39152E+00	 1.96008E+00	 2.98852E+00	 2.44725E+00	 4.70314E+00	 1.21111E+01	 1.30278E+01	 8.56633E+00	 1.15834E+01	 3.37194E+01	 6.10304E+01	 5.14807E+01
 1.31154E+01	 2.19011E+00	 4.13013E+00	 4.37296E+00	 1.07367E+01	 9.61097E+00	 5.29614E+00	 2.63023E+00	 3.95413E+00	 1.33235E+01	 2.71154E+01	 3.08316E+01	 2.78520E+01	 2.81939E+01	 3.86837E+01	 5.87421E+01	 6.93067E+01	 7.07116E+01	 5.90848E+01	 3.27354E+01	 1.52426E+01	 1.88669E+01	 4.73551E+01	 5.46051E+01	 3.73318E+01	 2.65565E+01	 1.14356E+01	 1.66327E+00	 2.09427E+00	 3.41395E+00	 2.37025E+00	 3.03473E+00	 2.56830E+00	 1.86033E+00	 2.95759E+00	 2.70127E+00	 3.77602E+00	 4.75000E+00	 1.58781E+00	 1.90019E+00	 2.34108E+00	 3.53902E+00	 9.70167E+00	 4.25535E+01	 6.60001E+01	 5.07582E+01	 1.87441E+01	 3.07606E+00	 4.04553E+00	 2.60120E+00	 4.13023E+00	 3.19011E+00	 3.28902E+00	 4.28724E+00	 3.86944E+00	 7.05653E+00	 8.83875E+00	 7.44854E+00	 2.31661E+01	 6.75873E+01	 7.55977E+01
 4.43926E+00	 2.31401E+00	 2.31830E+00	 2.16025E+00	 3.09038E+00	 3.78052E+00	 3.36392E+00	 2.41080E+00	 5.79393E+00	 2.05783E+01	 3.58146E+01	 3.42501E+01	 3.12835E+01	 2.89690E+01	 4.24760E+01	 6.58147E+01	 8.09439E+01	 9.32532E+01	 8.65376E+01	 7.17583E+01	 3.63536E+01	 1.43294E+01	 3.96438E+01	 4.92860E+01	 3.35612E+01	 5.89398E+00	 4.23389E+00	 2.94487E+00	 3.59033E+00	 2.70009E+00	 1.69678E+00	 2.47338E+00	 1.88028E+00	 2.45085E+00	 3.25765E+00	 2.09033E+00	 2.63443E+00	 2.83781E+00	 3.00000E+00	 2.57812E+00	 4.64614E+00	 1.29122E+01	 1.67360E+01	 1.68565E+01	 1.94897E+01	 1.01222E+01	 3.13647E+00	 2.80044E+00	 1.61033E+00	 1.70990E+00	 1.58370E+00	 1.52272E+00	 1.33370E+00	 2.41766E+00	 1.51301E+00	 1.72006E+00	 2.84762E+00	 2.35409E+00	 1.01614E+01	 3.88470E+01	 5.94115E+01
 4.04788E+00	 2.73392E+00	 4.79878E+00	 2.32154E+00	 3.54082E+00	 6.25938E+00	 3.75938E+00	 3.66618E+00	 3.26230E+00	 1.18201E+01	 3.56453E+01	 4.19837E+01	 3.09486E+01	 2.99692E+01	 4.32308E+01	 4.83228E+01	 6.25567E+01	 8.49762E+01	 7.40833E+01	 4.04402E+01	 1.15165E+01	 4.18204E+00	 4.70167E+00	 2.87577E+00	 2.57806E+00	 8.66518E+00	 2.08092E+01	 1.76694E+01	 3.81345E+00	 1.31345E+00	 2.77602E+00	 4.58069E+00	 1.84038E+00	 3.45085E+00	 4.17679E+00	 1.04065E+01	 2.08090E+01	 2.09356E+01	 3.91618E+00	 2.30639E+00	 5.93640E+00	 1.87995E+01	 2.60808E+01	 1.48611E+01	 5.44446E+00	 2.22071E+00	 3.33708E+00	 2.05188E+00	 2.55047E+00	 3.60363E+00	 2.43347E+00	 2.35182E+00	 3.21228E+00	 2.46602E+00	 1.05857E+00	 1.70341E+00	 3.28903E+00	 1.88889E+00	 3.01079E+00	 8.48375E+00	 1.96482E+01
 4.09038E+00	 3.35363E+00	 2.06145E+00	 1.60363E+00	 3.19523E+00	 5.07051E+00	 3.97101E+00	 4.42016E+00	 2.44678E+00	 4.24705E+00	 1.49977E+01	 4.01379E+01	 4.14357E+01	 2.65240E+01	 2.17072E+01	 1.38226E+01	 2.15240E+01	 2.42743E+01	 1.33610E+01	 5.65088E+00	 2.65019E+00	 3.34033E+00	 3.53545E+00	 1.58635E+00	 3.56830E+00	 1.61948E+01	 2.08304E+01	 7.14614E+00	 4.73505E+00	 3.44014E+00	 2.13034E+00	 2.40022E+00	 3.49398E+00	 7.61244E+00	 2.27145E+01	 5.37100E+01	 6.51884E+01	 5.56658E+01	 7.26531E+00	 4.67015E+00	 3.72006E+00	 2.33370E+00	 3.77000E+00	 3.68028E+00	 8.33626E+00	 9.51649E+00	 3.34108E+00	 3.44185E+00	 2.51301E+00	 3.09279E+00	 1.65019E+00	 1.17016E+00	 1.87296E+00	 2.48405E+00	 2.33178E+00	 2.13359E+00	 4.38359E+00	 2.96007E+00	 4.51064E+00	 2.78763E+00	 3.20968E+00
 2.69541E+00	 3.78253E+00	 2.03473E+00	 2.51649E+00	 3.54878E+00	 3.35033E+00	 4.24350E+00	 2.76027E+00	 2.24474E+00	 4.27927E+00	 1.61786E+01	 4.74486E+01	 5.27323E+01	 2.26623E+01	 1.81506E+00	 3.78381E+00	 3.72009E+00	 3.42850E+00	 3.83197E+00	 2.70009E+00	 2.64312E+00	 3.25000E+00	 2.78052E+00	 3.72338E+00	 9.71778E+00	 1.36775E+01	 1.12806E+01	 3.98076E+00	 3.61706E+00	 4.42014E+00	 4.03710E+00	 3.85028E+00	 2.70019E+00	 5.09134E+00	 2.97743E+01	 7.40082E+01	 7.52143E+01	 5.08792E+01	 5.36540E+00	 2.24333E+00	 2.70493E+00	 1.82807E+00	 3.53903E+00	 4.04851E+00	 4.42016E+00	 5.32937E+00	 1.06380E+00	 2.84279E+00	 2.27248E+00	 2.90683E+00	 5.26725E+00	 5.85363E+00	 4.35409E+00	 2.63025E+00	 2.72164E+00	 4.33178E+00	 3.17016E+00	 4.06830E+00	 3.32806E+00	 2.87767E+00	 4.77601E+00
 6.30861E+00	 6.83119E+00	 3.68584E+00	 2.21782E+00	 2.92016E+00	 4.02601E+00	 1.92702E+00	 3.50055E+00	 2.08370E+00	 2.32091E+00	 3.43106E+00	 1.20846E+01	 2.09860E+01	 4.50811E+00	 2.46008E+00	 5.16867E+00	 3.03252E+00	 3.57806E+00	 6.01301E+00	 5.30047E+00	 4.56237E+00	 7.28305E+00	 5.51057E+00	 4.95301E+00	 5.05205E+00	 2.17014E+00	 3.69624E+00	 2.23669E+00	 2.73049E+00	 6.44678E+00	 4.34063E+00	 3.87167E+00	 3.84038E+00	 4.29851E+00	 2.61737E+01	 8.58613E+01	 1.19503E+02	 4.99167E+01	 3.74398E+00	 4.64614E+00	 3.16563E+00	 4.14635E+00	 2.30047E+00	 2.28903E+00	 3.19725E+00	 3.09320E+00	 1.23413E+00	 2.80854E+00	 3.55091E+00	 2.42016E+00	 2.43086E+00	 3.55205E+00	 4.80853E+00	 2.52498E+00	 2.12427E+00	 3.17679E+00	 2.70207E+00	 3.22073E+00	 1.82807E+00	 4.35486E+00	 1.17255E+01
 3.81507E+00	 3.60495E+00	 4.83178E+00	 2.60409E+00	 2.83152E+00	 4.78903E+00	 4.30205E+00	 2.74398E+00	 3.65226E+00	 4.05129E+00	 3.66667E+00	 2.29553E+00	 3.86690E+00	 3.52022E+00	 5.29553E+00	 3.03052E+00	 3.59108E+00	 3.59320E+00	 3.55041E+00	 6.34043E+00	 4.42628E+00	 5.09755E+00	 4.68564E+00	 2.43076E+00	 2.44487E+00	 1.05853E+00	 2.16618E+00	 3.06816E+00	 2.83781E+00	 1.95120E+00	 3.25000E+00	 2.55378E+00	 2.89021E+00	 2.25188E+00	 1.39837E+01	 5.93094E+01	 5.46740E+01	 8.09134E+00	 9.48505E+00	 1.72985E+01	 9.45792E+00	 3.80639E+00	 2.63023E+00	 2.24090E+00	 2.53253E+00	 3.30044E+00	 2.08370E+00	 2.05639E+00	 2.43564E+00	 3.16765E+00	 4.01057E+00	 1.76068E+00	 3.28902E+00	 2.56506E+00	 4.08032E+00	 1.93639E+00	 3.32806E+00	 2.37025E+00	 3.62025E+00	 1.56303E+01	 2.94366E+01
 1.80329E+00	 4.40453E+00	 2.44676E+00	 1.88025E+00	 2.04553E+00	 2.72338E+00	 3.06816E+00	 6.25000E+00	 2.92579E+00	 4.99374E+00	 5.70207E+00	 4.08781E+00	 1.25783E+01	 9.66082E+00	 2.32812E+00	 3.29878E+00	 5.21304E+00	 4.73692E+00	 1.92702E+00	 5.07804E+00	 2.93564E+00	 3.91395E+00	 6.74111E+00	 1.23362E+00	 2.58925E+00	 2.97398E+00	 2.44025E+00	 2.78252E+00	 3.03902E+00	 4.01951E+00	 2.03905E+00	 2.39152E+00	 2.45509E+00	 3.68086E+00	 4.69289E+00	 1.03231E+01	 1.07363E+01	 3.68559E+00	 1.06613E+01	 4.28595E+01	 5.23178E+01	 3.15727E+01	 1.60255E+01	 4.05253E+00	 2.45972E+00	 1.75000E+00	 2.31834E+00	 3.85548E+00	 2.90024E+00	 4.14355E+00	 2.05047E+00	 2.87767E+00	 4.03903E+00	 4.27927E+00	 3.00000E+00	 2.53502E+00	 3.73392E+00	 2.72427E+00	 7.26230E+00	 2.17620E+01	 3.82352E+01
 3.86687E+00	 3.15132E+00	 2.39312E+00	 4.24556E+00	 3.01301E+00	 3.25000E+00	 9.47715E-01	 2.94014E+00	 2.30853E+00	 3.96602E+00	 3.03252E+00	 1.38013E+00	 1.20731E+01	 1.31623E+01	 3.41348E+00	 3.37131E+00	 2.87278E+00	 2.17016E+00	 1.18347E+00	 5.91381E+00	 8.12171E+00	 5.03902E+00	 3.31506E+00	 1.65164E+00	 3.51951E+00	 2.06506E+00	 3.22340E+00	 3.73669E+00	 5.30639E+00	 2.30127E+00	 2.39152E+00	 2.56724E+00	 4.85182E+00	 1.77601E+00	 4.52660E+00	 2.96008E+00	 3.92021E+00	 1.30205E+00	 1.31243E+01	 3.82237E+01	 7.00327E+01	 6.82222E+01	 4.56990E+01	 1.01461E+01	 1.85033E+00	 3.18345E+00	 2.63511E+00	 2.24398E+00	 3.51736E+00	 4.26068E+00	 2.74002E+00	 3.41089E+00	 4.35182E+00	 1.48005E+00	 2.90017E+00	 4.57804E+00	 2.61035E+00	 1.61714E+00	 1.58469E+00	 3.47583E+00	 3.54059E+00
 6.85033E+00	 7.65470E+00	 4.92015E+00	 2.44263E+00	 5.40164E+00	 1.17571E+00	 1.71674E+00	 3.54059E+00	 2.39021E+00	 2.98076E+00	 3.05264E+00	 1.94202E+00	 4.25832E+00	 2.77188E+00	 3.13363E+00	 3.54099E+00	 3.04880E+00	 3.99398E+00	 2.86710E+00	 1.06740E+01	 2.40789E+01	 9.46263E+00	 3.65690E+00	 2.93018E+00	 4.78903E+00	 4.16518E+00	 1.34038E+00	 2.50000E+00	 3.69289E+00	 4.93347E+00	 3.09762E+00	 1.17500E+01	 2.61470E+01	 5.67110E+00	 4.80205E+00	 2.52927E+00	 3.00454E+00	 2.62296E+00	 3.30974E+00	 1.32072E+01	 1.97558E+01	 1.22216E+01	 4.62278E+00	 4.88051E+00	 6.45360E+00	 2.90022E+00	 4.48337E+00	 1.98669E+00	 1.84038E+00	 2.65226E+00	 3.13387E+00	 4.65088E+00	 4.30861E+00	 2.92014E+00	 2.33013E+01	 2.33830E+01	 4.34134E+00	 3.25000E+00	 4.39362E+00	 2.16017E+00	 2.65038E+00
 3.97367E+01	 4.33902E+01	 1.59393E+01	 4.22045E+00	 2.50399E+00	 2.83658E+00	 4.45363E+00	 4.50976E+00	 3.16685E+00	 3.19771E+00	 3.81507E+00	 2.52927E+00	 4.51230E+00	 3.05041E+00	 4.38359E+00	 4.41075E+00	 3.68165E+00	 2.46345E+00	 6.69010E+00	 4.67416E+00	 8.25154E+00	 3.62277E+00	 1.32410E+00	 4.17679E+00	 4.88727E+00	 5.32804E+00	 5.37296E+00	 3.24061E+00	 2.50000E+00	 1.11124E+01	 1.53201E+01	 1.73214E+01	 1.93961E+01	 4.01774E+00	 3.90019E+00	 3.69011E+00	 4.19792E+00	 9.54439E-01	 2.64119E+00	 2.33178E+00	 2.91685E+00	 1.55854E+00	 2.52601E+00	 3.92344E+00	 5.15254E+00	 3.27927E+00	 3.52601E+00	 3.53252E+00	 4.27927E+00	 5.57277E+00	 2.96098E+00	 2.11983E+00	 4.28903E+00	 5.00958E+00	 7.00051E+01	 7.56330E+01	 1.98480E+01	 1.33668E+01	 4.94263E+00	 2.02417E+00	 2.86051E+00
 3.28961E+01	 2.87803E+01	 1.18596E+01	 4.13526E+00	 2.48828E+00	 6.75305E+00	 1.35535E+01	 6.08306E+00	 3.43345E+00	 3.03061E+00	 4.25000E+00	 6.01170E+00	 1.07506E+01	 4.58370E+00	 3.26102E+00	 2.94185E+00	 5.87090E+00	 4.36540E+00	 6.53252E+00	 3.15213E+00	 4.56586E+00	 3.23916E+00	 3.29462E+00	 3.93106E+00	 1.73180E+00	 8.87577E+00	 1.32286E+01	 6.72223E+00	 3.77947E+00	 1.84152E+01	 4.49955E+01	 4.55380E+01	 2.77397E+01	 7.79393E+00	 2.41395E+00	 5.02927E+00	 1.25000E+00	 1.98049E+00	 2.63511E+00	 2.20363E+00	 1.88028E+00	 3.61035E+00	 3.20341E+00	 3.09033E+00	 2.77272E+00	 2.71672E+00	 2.90213E+00	 3.19797E+00	 2.62045E+00	 3.56830E+00	 2.63359E+00	 2.35409E+00	 4.24350E+00	 5.10132E+00	 1.34387E+01	 2.21837E+01	 1.02231E+01	 4.30075E+00	 3.96782E+00	 2.68033E+00	 3.05480E+00
 1.15935E+01	 1.07411E+01	 3.78654E+00	 2.93013E+00	 3.25000E+00	 5.74557E+00	 7.91024E+00	 4.21537E+00	 3.24114E+00	 2.77601E+00	 1.99062E+00	 1.53773E+01	 3.31519E+01	 1.21110E+01	 3.03408E+00	 3.27927E+00	 5.43894E+00	 4.58422E+00	 3.80426E+00	 3.50305E+00	 3.94185E+00	 3.70319E+00	 1.09038E+00	 2.74333E+00	 3.12921E+00	 1.85489E+01	 5.45234E+01	 2.23363E+01	 4.73076E+00	 3.56830E+00	 2.41524E+01	 5.65345E+01	 4.09328E+01	 1.16243E+01	 3.30253E+00	 3.81380E+00	 3.87921E+00	 2.91348E+00	 3.32807E+00	 2.82101E+00	 1.81345E+00	 3.51634E+00	 3.87043E+00	 3.20085E+00	 3.48699E+00	 2.49090E+00	 3.72661E+00	 4.18610E+00	 4.23362E+00	 2.36033E+00	 3.12921E+00	 2.91685E+00	 4.50000E+00	 4.81506E+00	 3.99556E+00	 3.45759E+00	 1.16506E+00	 1.93033E+00	 3.15686E+00	 4.90175E+00	 2.79851E+00
 2.27041E+00	 3.23285E+00	 3.19011E+00	 1.92019E+00	 2.01951E+00	 3.42372E+00	 1.48669E+00	 3.46228E+00	 1.57277E+00	 2.60363E+00	 1.47339E+00	 4.13265E+00	 9.64796E+00	 6.23505E+00	 1.67041E+00	 1.51068E+00	 2.00000E+00	 1.73337E+00	 2.40022E+00	 2.46228E+00	 2.43347E+00	 2.77602E+00	 3.92451E+00	 2.71304E+00	 2.61051E+00	 4.63516E+00	 1.31184E+01	 5.76649E+00	 4.20721E+00	 9.03907E+00	 2.21461E+01	 2.81108E+01	 1.78494E+01	 8.29851E+00	 3.07735E+00	 4.76301E+00	 1.89152E+00	 3.09108E+00	 4.48454E+00	 2.44011E+00	 2.54556E+00	 2.08789E+00	 5.23049E+00	 4.53903E+00	 2.40686E+00	 2.16817E+00	 1.68224E+00	 3.17575E+00	 3.15213E+00	 2.15690E+00	 4.37801E+00	 3.27203E+00	 4.02927E+00	 5.08178E+00	 4.79406E+00	 3.95207E+00	 4.28405E+00	 3.11741E+00	 3.20089E+00	 1.86696E+00	 3.85381E+00
 2.10033E+00	 1.86859E+00	 1.62167E+00	 1.15024E+00	 2.02601E+00	 1.35182E+00	 2.49556E+00	 1.41017E+00	 2.53252E+00	 2.54059E+00	 1.62813E+00	 2.78724E+00	 1.63025E+00	 1.69011E+00	 2.20009E+00	 3.47673E+00	 1.77601E+00	 2.31145E+00	 2.86696E+00	 1.44025E+00	 1.75000E+00	 2.38776E+00	 2.36696E+00	 2.17015E+00	 2.65019E+00	 2.04553E+00	 1.53410E+00	 2.14203E+00	 4.74114E+00	 5.69148E+00	 1.22049E+01	 1.63443E+01	 1.05943E+01	 7.04793E+00	 3.00811E+00	 1.78253E+00	 1.20113E+00	 3.94771E+00	 1.49334E+00	 3.30205E+00	 1.47006E+00	 2.08383E+00	 3.35033E+00	 2.74398E+00	 2.99398E+00	 1.85151E+00	 2.23405E+00	 3.31707E+00	 2.04553E+00	 4.02602E+00	 3.57807E+00	 2.31507E+00	 1.38051E+00	 2.36694E+00	 3.07806E+00	 3.59903E+00	 2.31506E+00	 2.35206E+00	 4.60404E+00	 5.50976E+00	 3.27203E+00
 1.13025E+00	 2.35495E+00	 2.39355E+00	 3.41348E+00	 2.19676E+00	 2.30205E+00	 2.15618E+00	 2.60409E+00	 3.83636E+00	 3.50188E+00	 3.54553E+00	 3.95009E+00	 2.17016E+00	 1.59427E+00	 2.67416E+00	 2.06372E+00	 3.56372E+00	 2.67571E+00	 2.52601E+00	 5.88387E+00	 1.43555E+01	 1.59597E+01	 1.34937E+01	 8.32264E+00	 3.74261E+00	 3.14021E+00	 2.60033E+00	 2.54674E+00	 7.72547E+00	 7.87788E+00	 1.65000E+01	 3.70272E+01	 2.89133E+01	 9.19445E+00	 2.48852E+00	 1.81383E+00	 2.11035E+00	 3.55854E+00	 3.01230E+00	 3.57501E+00	 2.61694E+00	 2.81372E+00	 2.15686E+00	 2.55556E+00	 4.01230E+00	 3.63686E+00	 3.13023E+00	 1.42571E+00	 1.68347E+00	 1.94678E+00	 1.96008E+00	 2.44771E+00	 1.82076E+00	 2.28903E+00	 2.95011E+00	 3.44289E+00	 3.01951E+00	 2.01301E+00	 2.25650E+00	 3.40690E+00	 2.98152E+00
 2.11714E+00	 2.45611E+00	 2.38359E+00	 2.19263E+00	 1.81830E+00	 1.44011E+00	 8.80246E-01	 1.71228E+00	 1.77203E+00	 2.03903E+00	 2.25000E+00	 2.38051E+00	 1.63034E+00	 2.21672E+00	 2.03903E+00	 2.11702E+00	 3.03903E+00	 2.24350E+00	 4.25000E+00	 1.68084E+01	 4.17097E+01	 6.98201E+01	 8.86363E+01	 5.65090E+01	 1.98728E+01	 6.68865E+00	 2.59033E+00	 2.17015E+00	 3.04059E+00	 7.89253E+00	 2.92372E+01	 4.61169E+01	 3.01273E+01	 7.24374E+00	 3.56707E+00	 2.48916E+00	 2.14328E+00	 2.44010E+00	 3.64152E+00	 3.80066E+00	 2.55861E+00	 3.13776E+00	 2.20341E+00	 1.81507E+00	 1.92850E+00	 3.28902E+00	 2.60182E+00	 1.90686E+00	 3.63526E+00	 2.89352E+00	 2.31345E+00	 1.90686E+00	 1.68013E+00	 1.60151E+00	 2.18086E+00	 2.53724E+00	 3.03907E+00	 3.30203E+00	 2.79674E+00	 1.05636E+01	 1.13363E+01
 2.13025E+00	 2.78252E+00	 2.86051E+00	 2.55861E+00	 1.55639E+00	 6.70164E-01	 8.83591E-01	 2.60028E+00	 3.56345E+00	 2.74024E+00	 3.30854E+00	 1.51057E+00	 2.11708E+00	 2.74398E+00	 1.10042E+00	 1.31507E+00	 1.89640E+00	 2.98405E+00	 6.26954E+00	 3.49488E+01	 7.07995E+01	 1.16895E+02	 1.18145E+02	 6.92192E+01	 4.00624E+01	 4.88504E+01	 4.28803E+01	 2.14483E+01	 8.44298E+00	 4.45207E+00	 5.60339E+00	 7.50002E+00	 4.18926E+00	 2.21909E+00	 2.17019E+00	 4.86690E-01	 1.41685E+00	 2.90022E+00	 1.53545E+00	 2.05205E+00	 2.98916E+00	 3.99398E+00	 3.01951E+00	 2.01952E+00	 1.78905E+00	 3.11033E+00	 2.82043E+00	 3.15700E+00	 3.61051E+00	 3.24778E+00	 2.86702E+00	 2.53545E+00	 3.46153E+00	 1.76774E+00	 1.56830E+00	 2.42679E+00	 2.92679E+00	 3.52426E+00	 1.00761E+01	 3.09626E+01	 3.96827E+01
 2.36033E+00	 2.63359E+00	 2.30853E+00	 3.28381E+00	 3.94010E+00	 4.86330E+00	 3.73180E+00	 2.82807E+00	 4.80731E+00	 4.45759E+00	 4.03252E+00	 1.85783E+00	 2.22008E+00	 2.94263E+00	 3.06707E+00	 3.36696E+00	 3.11696E+00	 1.88025E+00	 3.84033E+00	 1.51480E+01	 4.40818E+01	 7.82308E+01	 1.01737E+02	 8.25606E+01	 5.79252E+01	 5.80058E+01	 6.25444E+01	 5.98061E+01	 4.95303E+01	 2.47437E+01	 2.63611E+01	 4.49866E+01	 2.96893E+01	 4.49852E+00	 2.36696E+00	 9.03201E-01	 1.80264E+00	 2.79059E+00	 3.17372E+00	 2.78902E+00	 2.23852E+00	 2.42015E+00	 2.06816E+00	 2.09043E+00	 3.07809E+00	 1.19676E+00	 3.41818E+00	 3.85182E+00	 1.37296E+00	 7.60642E-01	 1.33708E+00	 2.18353E+00	 3.10783E+00	 3.53435E+00	 6.76168E+00	 4.12921E+00	 2.06830E+00	 4.17019E+00	 4.37427E+00	 1.61740E+01	 1.97617E+01
 5.76301E+00	 2.10305E+00	 1.85033E+00	 1.38025E+00	 1.86033E+00	 2.44202E+00	 3.21096E+00	 8.95792E+00	 3.12368E+01	 4.83611E+01	 1.32860E+01	 2.13025E+00	 2.62454E+00	 2.90022E+00	 2.45011E+00	 2.58197E+00	 3.15022E+00	 3.07051E+00	 2.80044E+00	 1.14133E+01	 3.12477E+01	 4.67594E+01	 4.19854E+01	 4.23471E+01	 4.94447E+01	 5.59082E+01	 4.35423E+01	 4.00485E+01	 3.76110E+01	 3.59808E+01	 4.37354E+01	 6.59745E+01	 5.09908E+01	 1.02841E+01	 5.99778E+00	 3.85486E+00	 5.54793E+00	 1.27796E+01	 1.50360E+01	 7.00765E+00	 2.38363E+00	 2.26627E+00	 2.25000E+00	 2.06506E+00	 2.90254E+00	 2.90254E+00	 2.29878E+00	 2.26301E+00	 7.10070E-01	 1.18244E+00	 2.11983E+00	 1.40686E+00	 5.12354E+00	 1.52049E+01	 3.45303E+01	 3.14184E+01	 9.23126E+00	 2.71672E+00	 1.82076E+00	 1.88363E+00	 2.22071E+00
 3.57034E+00	 4.16094E+00	 2.79059E+00	 2.98656E+00	 3.30619E+00	 6.28710E+00	 1.24509E+01	 3.01080E+01	 4.28565E+01	 3.31184E+01	 1.13384E+01	 2.54544E+00	 2.57379E+00	 3.03502E+00	 3.64355E+00	 3.08708E+00	 3.36722E+00	 1.25055E+00	 3.01634E+00	 1.26930E+01	 4.34813E+01	 6.36243E+01	 6.00255E+01	 4.03065E+01	 2.58552E+01	 2.23611E+01	 2.37009E+01	 2.91247E+01	 3.56887E+01	 4.67201E+01	 5.14021E+01	 4.62743E+01	 4.99457E+01	 3.10296E+01	 2.33669E+01	 2.37426E+01	 3.47743E+01	 4.38295E+01	 4.03674E+01	 1.21864E+01	 3.15254E+00	 1.14031E+01	 2.27830E+01	 1.13596E+01	 4.08708E+00	 1.88359E+00	 2.93224E+00	 3.36567E+00	 3.15700E+00	 2.88363E+00	 3.28903E+00	 3.38776E+00	 2.41027E+01	 5.18973E+01	 5.18309E+01	 3.96752E+01	 1.76930E+01	 3.43125E+00	 2.68125E+00	 1.63359E+00	 1.68018E+00
 4.31504E+00	 3.74398E+00	 4.21909E+00	 5.68556E+00	 1.79159E+01	 3.02266E+01	 2.16587E+01	 7.63413E+00	 1.37749E+01	 1.35510E+01	 1.98094E+01	 8.09689E+00	 2.30205E+00	 2.27958E+00	 2.88363E+00	 3.77601E+00	 8.35207E+00	 1.24235E+01	 3.19725E+00	 1.35446E+01	 4.91537E+01	 8.28902E+01	 7.88728E+01	 4.56939E+01	 3.40561E+01	 4.55357E+01	 4.92313E+01	 4.78136E+01	 4.15969E+01	 4.57036E+01	 4.55330E+01	 4.31869E+01	 6.05220E+01	 7.15667E+01	 6.99863E+01	 6.52317E+01	 7.55487E+01	 9.43373E+01	 6.72197E+01	 2.14024E+01	 2.45721E+00	 1.23201E+01	 3.03902E+01	 1.74108E+01	 2.96007E+00	 2.69011E+00	 2.26951E+00	 2.43013E+00	 2.44263E+00	 3.00055E+00	 2.64021E+00	 4.39152E+00	 8.98684E+00	 2.28758E+01	 3.54536E+01	 2.76224E+01	 1.33878E+01	 2.99061E+00	 2.57043E+00	 1.92093E+00	 2.10033E+00
 3.12167E+00	 2.06816E+00	 3.50094E+00	 5.23670E+00	 1.68646E+01	 1.72372E+01	 8.95909E+00	 1.99398E+00	 2.42016E+00	 1.59445E+01	 4.97250E+01	 3.20614E+01	 3.55639E+00	 3.13023E+00	 3.21007E+00	 5.07348E+00	 2.00351E+01	 2.72352E+01	 9.79614E+00	 1.70357E+01	 5.77696E+01	 8.35840E+01	 6.14793E+01	 5.03925E+01	 4.07149E+01	 4.19123E+01	 4.53706E+01	 4.58112E+01	 3.85765E+01	 3.41021E+01	 3.51022E+01	 5.19946E+01	 7.75327E+01	 1.03643E+02	 8.73412E+01	 6.42397E+01	 5.65644E+01	 6.46272E+01	 7.22806E+01	 2.05306E+01	 3.04880E+00	 3.47006E+00	 6.86292E+00	 4.58422E+00	 3.38511E+00	 1.97092E+00	 2.86702E+00	 1.01156E+01	 2.78274E+01	 1.62622E+01	 1.75479E+00	 2.78545E+00	 3.64286E+00	 1.02515E+01	 1.82866E+01	 1.25721E+01	 3.19678E+00	 3.53902E+00	 2.51064E+00	 1.47162E+00	 2.56083E+00
 2.19017E+00	 9.93980E-01	 1.70341E+00	 2.38023E+00	 8.50904E+00	 5.11114E+00	 5.68865E+00	 1.81904E+00	 3.63023E+00	 7.24114E+00	 2.23654E+01	 9.08334E+00	 5.00650E+00	 3.40088E+00	 2.86111E+00	 4.86983E+00	 1.69911E+01	 1.03436E+01	 2.52373E+00	 9.27551E+00	 3.44909E+01	 4.31750E+01	 3.58611E+01	 4.26453E+01	 3.73061E+01	 3.46622E+01	 3.82092E+01	 3.27264E+01	 3.82130E+01	 3.73774E+01	 3.38645E+01	 3.70556E+01	 6.41827E+01	 1.01164E+02	 1.05898E+02	 9.03010E+01	 5.77586E+01	 6.26438E+01	 5.26590E+01	 8.50832E+00	 3.15272E+00	 1.07809E+00	 1.73005E+00	 3.54553E+00	 3.53252E+00	 2.33178E+00	 2.10808E+00	 5.96172E+00	 2.45935E+01	 2.82908E+01	 3.39375E+00	 4.21602E+00	 3.59762E+00	 4.11135E+00	 4.55639E+00	 2.82806E+00	 3.40019E+00	 2.36944E+00	 2.27426E+00	 2.05253E+00	 3.12761E+00
 2.81816E+00	 4.00000E+00	 4.37025E+00	 9.50896E-01	 4.68013E+00	 5.93165E+00	 1.04191E+01	 9.78907E+00	 3.33178E+00	 2.55853E+00	 2.67067E+00	 2.75000E+00	 3.61066E+00	 2.95990E+00	 1.67110E+00	 1.62043E+00	 2.70745E+00	 4.53724E+00	 3.21304E+00	 8.64286E+00	 4.17827E+01	 5.85701E+01	 3.74897E+01	 3.42178E+01	 4.49264E+01	 4.57719E+01	 3.96711E+01	 4.33973E+01	 4.29305E+01	 3.68447E+01	 3.21228E+01	 3.10000E+01	 5.76352E+01	 7.07238E+01	 6.86021E+01	 1.26589E+02	 1.46987E+02	 8.12307E+01	 6.69599E+01	 1.60584E+01	 8.04060E+00	 2.74409E+00	 2.58555E+00	 3.61694E+00	 4.17104E+00	 1.86033E+00	 4.11330E+00	 4.06830E+00	 4.32228E+00	 4.93894E+00	 2.45809E+00	 1.09320E+00	 5.15024E+00	 3.16844E+00	 2.78253E+00	 3.17679E+00	 2.86027E+00	 2.33133E+00	 3.21672E+00	 2.75000E+00	 3.01951E+00
 2.27483E+00	 1.19202E+00	 2.98392E+00	 3.60151E+00	 4.34760E+00	 2.38668E+00	 3.55205E+00	 3.88019E+00	 3.03502E+00	 4.11033E+00	 5.30205E+00	 1.40993E+01	 1.82726E+01	 2.09033E+00	 3.49398E+00	 2.63023E+00	 2.90686E+00	 3.28252E+00	 1.96009E+00	 3.11035E+00	 3.69263E+00	 1.69897E+01	 3.54823E+01	 4.17426E+01	 5.95314E+01	 4.98226E+01	 3.35727E+01	 3.01673E+01	 3.13491E+01	 2.68923E+01	 2.68585E+01	 5.27160E+01	 9.51070E+01	 9.58808E+01	 4.01861E+01	 4.17103E+01	 1.27064E+02	 1.66947E+02	 7.81006E+01	 1.70731E+01	 3.39152E+00	 4.10363E+00	 3.54053E+00	 4.57727E+00	 3.00000E+00	 4.73699E+00	 6.72399E+00	 4.25958E+00	 2.52426E+00	 2.13359E+00	 1.78069E+00	 3.13051E+00	 4.33842E+00	 6.12167E+00	 3.77426E+00	 3.60028E+00	 3.26951E+00	 4.40019E+00	 3.10363E+00	 2.52248E+00	 2.80205E+00
 2.99208E+00	 3.64021E+00	 3.23392E+00	 4.05129E+00	 5.29389E+00	 1.23049E+00	 2.56383E+00	 2.17104E+00	 2.16365E+00	 2.40024E+00	 2.87025E+00	 1.08045E+01	 1.42456E+01	 7.75000E+00	 3.70127E+00	 4.17021E+00	 3.68349E+00	 1.11746E+01	 2.23852E+00	 2.26230E+00	 2.86694E+00	 5.76718E+00	 1.01279E+01	 2.40851E+01	 3.69734E+01	 3.06168E+01	 4.14944E+01	 4.26519E+01	 4.64421E+01	 5.28680E+01	 5.33624E+01	 6.10903E+01	 1.13967E+02	 1.26440E+02	 7.88536E+01	 2.47354E+01	 5.30962E+01	 1.56514E+02	 1.01536E+02	 2.07857E+01	 2.55205E+00	 2.51588E+00	 3.68752E+00	 2.01057E+00	 3.62045E+00	 6.18926E+00	 8.00000E+00	 4.83370E+00	 2.08688E+00	 3.96513E+00	 2.79053E+00	 2.80853E+00	 3.40618E+00	 1.69678E+00	 4.24002E+00	 3.69148E+00	 2.20745E+00	 2.40686E+00	 3.62427E+00	 2.54230E+00	 3.03052E+00
 2.63443E+00	 3.20019E+00	 3.17702E+00	 4.28902E+00	 1.27601E+00	 1.56830E+00	 3.49556E+00	 2.78724E+00	 3.01283E+00	 1.55781E+00	 1.03545E+00	 2.64102E+00	 4.53061E+00	 3.62278E+00	 3.52188E+00	 1.15132E+00	 2.80075E+00	 3.46007E+00	 2.47338E+00	 3.67679E+00	 3.77136E+00	 1.68345E+00	 2.42026E+00	 3.96228E+00	 1.14402E+01	 5.72547E+00	 5.53655E+00	 1.14159E+01	 1.48654E+01	 3.04705E+01	 2.84774E+01	 3.41169E+01	 5.92245E+01	 7.13684E+01	 8.68423E+01	 3.52906E+01	 2.79731E+01	 6.35485E+01	 4.19823E+01	 9.01531E+00	 3.06213E+00	 5.07806E+00	 5.87167E+00	 4.52426E+00	 3.83821E+00	 4.77380E+00	 3.85157E+00	 2.91348E+00	 2.42041E+00	 2.72349E+00	 1.46007E+00	 2.85746E+00	 2.35132E+00	 2.50000E+00	 4.31345E+00	 1.58781E+00	 3.28902E+00	 2.81507E+00	 3.33370E+00	 1.58781E+00	 3.48049E+00
 3.61702E+00	 1.44678E+00	 2.94743E+00	 2.21672E+00	 3.77601E+00	 2.76995E+00	 4.03903E+00	 3.07807E+00	 2.17015E+00	 2.78724E+00	 4.33197E+00	 3.11387E+00	 2.30854E+00	 2.35042E+00	 1.11719E+00	 2.93347E+00	 3.27000E+00	 2.98717E+00	 4.74400E+00	 8.93131E+00	 4.99142E+00	 1.14597E+01	 7.80861E+00	 1.91667E+00	 4.73152E+00	 3.51079E+00	 1.38363E+00	 3.02927E+00	 3.55854E+00	 3.30066E+00	 2.84689E+00	 2.50000E+00	 3.62755E+00	 4.44298E+00	 4.95611E+00	 5.74709E+00	 1.31423E+01	 1.93274E+01	 8.45360E+00	 2.94011E+00	 3.94011E+00	 2.36410E+00	 5.14649E+00	 6.85033E+00	 5.08333E+00	 7.61390E+00	 9.62743E+00	 7.15117E+00	 4.21747E+00	 3.02927E+00	 2.82043E+00	 1.83636E+00	 2.98699E+00	 2.49024E+00	 3.27498E+00	 4.52927E+00	 3.60206E+00	 3.09043E+00	 2.04878E+00	 3.51951E+00	 1.56507E+00
 5.75000E+00	 3.02778E+00	 1.73005E+00	 3.20071E+00	 2.28252E+00	 2.84063E+00	 2.42451E+00	 3.51951E+00	 2.26301E+00	 2.29556E+00	 3.16139E+00	 2.79553E+00	 4.48454E+00	 3.17026E+00	 1.75000E+00	 5.03903E+00	 7.45360E+00	 4.57091E+00	 1.48258E+01	 4.28521E+01	 1.58776E+01	 2.70163E+01	 3.87097E+01	 9.29674E+00	 3.52203E+00	 2.44263E+00	 1.96009E+00	 2.03903E+00	 4.85182E+00	 3.00399E+00	 2.08555E+00	 1.79053E+00	 3.39102E+00	 4.53052E+00	 2.21782E+00	 8.60353E-01	 4.07628E+00	 2.31383E+00	 3.94771E+00	 3.50000E+00	 2.08842E+00	 3.35409E+00	 4.01725E+00	 4.69324E+00	 1.15255E+01	 9.80842E+00	 5.74537E+00	 1.04681E+01	 5.85809E+00	 2.54298E+00	 3.93564E+00	 3.17019E+00	 2.23362E+00	 4.51952E+00	 2.60033E+00	 2.17015E+00	 1.31504E+00	 2.53305E+00	 2.92104E+00	 3.40272E+00	 3.24061E+00
 4.18061E+01	 8.22819E+00	 3.14614E+00	 2.19298E+00	 2.75976E+00	 4.60082E-01	 1.29880E+00	 1.94010E+00	 2.21778E+00	 1.41685E+00	 2.47132E+00	 1.95204E+01	 4.66124E+01	 2.87160E+01	 1.74854E+01	 3.51204E+01	 3.98048E+01	 2.02677E+01	 5.70792E+00	 7.93205E+00	 4.84942E+00	 1.71399E+01	 2.89082E+01	 9.66024E+00	 2.21602E+00	 2.54614E+00	 2.12801E+00	 2.83179E+00	 2.97119E+00	 4.36110E+00	 1.13743E+00	 2.65453E+00	 2.37296E+00	 2.33370E+00	 1.31506E+00	 2.15022E+00	 2.86714E+00	 2.23405E+00	 3.92019E+00	 1.21674E+00	 4.01725E+00	 3.15024E+00	 3.49114E+00	 4.10157E+00	 1.40408E+01	 9.09942E+00	 4.27022E+00	 4.63414E+00	 7.00058E+00	 5.19185E+00	 2.26951E+00	 1.90019E+00	 5.10120E+00	 3.99090E+00	 3.21782E+00	 3.66818E+00	 3.23337E+00	 3.31559E+00	 2.87131E+00	 3.46782E+00	 2.86387E+00
 5.56270E+01	 1.22252E+01	 2.76751E+00	 3.55203E+00	 3.01463E+00	 1.19688E+00	 1.83178E+00	 1.24414E+00	 3.12801E+00	 2.08636E+00	 5.08461E+00	 2.48073E+01	 6.92806E+01	 8.54911E+01	 8.09743E+01	 9.67857E+01	 9.16644E+01	 7.60801E+01	 2.47812E+01	 4.00811E+00	 2.03252E+00	 3.86694E+00	 3.34134E+00	 7.91327E+00	 1.38980E+01	 5.15213E+00	 2.81380E+00	 4.53903E+00	 3.53902E+00	 2.54099E+00	 3.05426E+00	 3.04099E+00	 2.18347E+00	 9.47247E-01	 3.26301E+00	 3.78052E+00	 4.05047E+00	 1.90226E+00	 2.51725E+00	 1.86696E+00	 1.36033E+00	 1.62813E+00	 3.11110E+00	 3.33133E+00	 2.28903E+00	 2.47132E+00	 2.47338E+00	 3.57154E+00	 5.25471E+00	 6.25000E+00	 1.50000E+00	 4.70009E+00	 1.23003E+00	 2.90213E+00	 1.91075E+00	 3.39355E+00	 3.60486E+00	 2.97006E+00	 2.94681E+00	 3.99002E+00	 3.41363E+00
 6.16330E+01	 1.87508E+01	 2.76057E+00	 3.48916E+00	 1.35863E+01	 9.51170E+00	 3.77000E+00	 3.89102E+00	 2.78724E+00	 1.22338E+00	 9.12131E+00	 3.10240E+01	 5.79541E+01	 6.20663E+01	 9.25234E+01	 1.21413E+02	 1.07327E+02	 5.90851E+01	 1.41222E+01	 2.76057E+00	 5.55417E+00	 3.11944E+00	 2.76951E+00	 3.56046E+00	 1.87470E+01	 1.07441E+01	 3.26557E+00	 3.13526E+00	 4.20493E+00	 2.53902E+00	 2.30854E+00	 2.90164E+00	 1.73413E+00	 1.57806E+00	 3.31504E+00	 3.15022E+00	 3.80047E+00	 3.47339E+00	 3.02602E+00	 3.01301E+00	 2.21199E+00	 1.48413E+00	 2.59793E+00	 2.65254E+00	 2.44011E+00	 1.33178E+00	 3.61033E+00	 2.23717E+00	 2.96007E+00	 1.00000E+00	 2.09063E+00	 3.76064E+00	 3.17015E+00	 4.13028E+00	 3.55091E+00	 3.70909E+00	 6.18639E+00	 7.20167E+00	 4.26725E+00	 5.86244E+00	 7.66837E+00
 9.87145E+01	 3.36582E+01	 2.99709E+00	 2.61482E+00	 2.66051E+01	 1.91108E+01	 3.78107E+00	 2.09320E+00	 2.11694E+00	 1.81830E+00	 2.42110E+00	 2.07126E+01	 4.97367E+01	 4.82470E+01	 4.71308E+01	 1.04131E+02	 8.39743E+01	 2.41070E+01	 5.28305E+00	 5.05329E+00	 2.99778E+00	 1.61035E+00	 2.43013E+00	 2.86251E+00	 2.75452E+00	 4.01057E+00	 1.60363E+00	 2.30203E+00	 3.11983E+00	 4.10044E+00	 2.93472E+00	 1.84063E+00	 3.69010E+00	 2.64796E+00	 3.71672E+00	 3.46007E+00	 3.42216E+00	 3.48389E+00	 4.18165E+00	 4.12755E+00	 3.08821E+00	 5.12921E+00	 1.77000E+00	 4.28381E+00	 4.36387E+00	 3.90721E+00	 4.97073E+00	 3.34404E+00	 2.76774E+00	 3.15132E+00	 3.65721E+00	 4.14758E+00	 3.34703E+00	 2.48717E+00	 5.37950E+00	 5.18250E+00	 6.20972E+00	 5.62788E+00	 5.16135E+00	 8.58626E+00	 9.04674E+00
 6.55181E+01	 1.60891E+01	 3.03545E+00	 3.27115E+00	 1.06198E+01	 7.86687E+00	 2.61330E+00	 3.08069E+00	 4.59038E+00	 3.49061E+00	 2.52022E+00	 1.00048E+01	 2.19313E+01	 1.41542E+01	 7.68926E+00	 1.60479E+01	 1.50000E+01	 7.64253E+00	 1.25153E+01	 1.58351E+01	 8.90306E+00	 4.31145E+00	 2.90226E+00	 2.77000E+00	 2.39665E+00	 3.91139E+00	 2.28408E+00	 3.22071E+00	 1.07079E+01	 2.31909E+01	 1.19752E+01	 3.36033E+00	 3.82735E+00	 4.44148E+00	 7.50914E+00	 1.15485E+01	 2.26936E+01	 2.03043E+01	 1.60682E+01	 8.75000E+00	 3.98049E+00	 3.88084E+00	 3.25838E+00	 4.48126E+00	 1.09654E+01	 1.77622E+01	 1.14133E+01	 5.43345E+00	 3.18028E+00	 2.56504E+00	 2.49398E+00	 2.90088E+00	 1.80853E+00	 2.76951E+00	 4.28903E+00	 3.91667E+00	 6.37726E+00	 8.02778E+00	 1.05636E+01	 1.47596E+01	 1.96628E+01
 2.06124E+01	 3.81288E+00	 1.19771E+00	 1.64021E+00	 1.85363E+00	 3.04878E+00	 4.20127E+00	 3.96199E+00	 3.99061E+00	 2.31383E+00	 2.53903E+00	 3.52927E+00	 4.02927E+00	 6.08708E+00	 6.93066E+00	 5.51063E+00	 2.79393E+00	 6.94016E+00	 2.24626E+01	 3.11228E+01	 2.44545E+01	 1.81363E+01	 8.95095E+00	 3.47045E+00	 3.98952E+00	 4.38647E+00	 5.10809E+00	 4.24409E+00	 3.96778E+00	 4.72223E+00	 4.63363E+00	 3.41667E+00	 1.37282E+01	 2.59977E+01	 3.29808E+01	 3.84714E+01	 4.07274E+01	 4.93818E+01	 4.35278E+01	 2.13214E+01	 6.08821E+00	 2.97006E+00	 2.37518E+00	 5.50036E+00	 3.29082E+01	 6.68878E+01	 4.52041E+01	 8.18894E+00	 3.18013E+00	 1.69010E+00	 2.29059E+00	 2.04053E+00	 2.30203E+00	 1.19194E+00	 2.79556E+00	 3.52602E+00	 7.48952E+00	 1.55189E+01	 2.09636E+01	 2.40913E+01	 2.19626E+01
 3.77442E+01	 1.07101E+01	 4.31345E+00	 2.61859E+00	 1.09033E+00	 1.74709E+00	 2.76725E+00	 3.92014E+00	 4.48692E+00	 3.98966E+00	 2.48454E+00	 1.18364E+00	 3.57101E+00	 9.35814E+00	 1.55239E+01	 6.64028E+00	 7.26588E+00	 1.06915E+01	 3.36270E+01	 4.75888E+01	 4.09734E+01	 3.30001E+01	 1.60624E+01	 4.76774E+00	 5.07264E+00	 3.61540E+00	 4.25838E+00	 3.77174E+00	 3.54614E+00	 2.26622E+00	 1.53305E+00	 6.47927E+00	 1.70818E+01	 2.01318E+01	 1.92985E+01	 2.25000E+01	 3.22382E+01	 3.16065E+01	 2.24778E+01	 1.76948E+01	 6.49261E+00	 3.15024E+00	 3.15024E+00	 4.31380E+00	 1.90629E+01	 3.64184E+01	 2.36608E+01	 6.29368E+00	 2.77022E+00	 3.88359E+00	 1.27778E+00	 1.38028E+00	 1.85033E+00	 2.08688E+00	 1.95909E+00	 2.98405E+00	 8.10653E+00	 1.66051E+01	 1.90404E+01	 2.35299E+01	 2.32243E+01
 4.79817E+01	 3.00979E+01	 1.02985E+01	 1.38974E+00	 2.36410E+00	 2.40686E+00	 3.63028E+00	 3.43345E+00	 3.80853E+00	 3.39355E+00	 3.31401E+00	 2.48699E+00	 3.16363E+00	 2.05203E+00	 4.41668E+00	 4.71013E+00	 7.23633E+00	 1.26202E+01	 2.62454E+01	 4.10888E+01	 4.65099E+01	 3.88636E+01	 1.44572E+01	 3.33688E+00	 2.28052E+00	 2.76725E+00	 3.56796E+00	 4.73966E+00	 4.44456E+00	 2.26736E+00	 1.49208E+00	 3.40306E+00	 4.80480E+00	 5.24409E+00	 4.48180E+00	 7.30480E+00	 1.80454E+01	 2.46037E+01	 2.83061E+01	 2.02243E+01	 1.15000E+01	 4.28803E+00	 1.94014E+00	 2.17026E+00	 4.66818E+00	 5.50266E+00	 4.39696E+00	 2.78907E+00	 2.38023E+00	 3.22066E+00	 1.78052E+00	 1.57043E+00	 8.13804E-01	 2.11051E+00	 2.91685E+00	 4.55044E+00	 9.81815E+00	 1.68595E+01	 2.22985E+01	 2.47908E+01	 2.60831E+01
 4.72367E+01	 2.69439E+01	 1.16052E+01	 3.94089E+00	 2.55426E+00	 3.47979E+00	 2.75838E+00	 3.27947E+00	 2.83555E+00	 2.50000E+00	 1.60044E+00	 2.53903E+00	 2.74350E+00	 2.76064E+00	 2.98392E+00	 6.10516E+00	 5.30545E+00	 1.31476E+01	 3.14764E+01	 3.70962E+01	 2.64977E+01	 1.97857E+01	 5.78405E+00	 4.19676E+00	 5.93345E+00	 2.89021E+00	 5.57277E+00	 1.38086E+01	 1.88654E+01	 1.09970E+01	 2.98699E+00	 2.03903E+00	 2.69487E+00	 3.01951E+00	 2.92016E+00	 1.27796E+01	 2.73459E+01	 3.95926E+01	 3.88083E+01	 2.41667E+01	 7.01954E+00	 2.56724E+00	 1.93347E+00	 1.91363E+00	 3.97583E+00	 4.25055E+00	 5.09033E+00	 4.15686E+00	 1.62389E+00	 2.11944E+00	 2.70611E+00	 2.53905E+00	 2.41618E+00	 4.02022E+00	 1.50461E+01	 2.23722E+01	 1.98940E+01	 2.43182E+01	 2.59194E+01	 1.64626E+01	 1.17620E+01
 2.12636E+01	 2.16399E+01	 7.12220E+00	 3.80253E+00	 3.03902E+00	 3.07043E+00	 1.99208E+00	 3.43348E+00	 3.66685E+00	 3.26064E+00	 2.21007E+00	 3.30169E+00	 2.70350E+00	 2.20502E+00	 3.09762E+00	 6.04553E+00	 1.01212E+01	 9.47839E+00	 8.63890E+00	 8.36392E+00	 8.22009E+00	 1.04276E+01	 3.25399E+00	 2.91563E+00	 2.57154E+00	 3.46602E+00	 7.61983E+00	 2.02352E+01	 2.82824E+01	 1.46091E+01	 4.19263E+00	 2.37813E+00	 3.55854E+00	 2.66977E+00	 2.00452E+00	 1.66572E+01	 4.66633E+01	 4.64490E+01	 2.62627E+01	 1.39897E+01	 3.70113E+00	 1.28902E+00	 2.71228E+00	 1.40022E+00	 1.43125E+00	 1.67016E+00	 3.26951E+00	 4.01951E+00	 2.28902E+00	 1.43347E+00	 3.40686E+00	 3.11694E+00	 1.94011E+00	 4.52041E+00	 5.43163E+01	 1.03087E+02	 6.56753E+01	 3.79357E+01	 2.61081E+01	 2.04743E+01	 3.09743E+01
 3.29082E+00	 5.90974E+00	 3.76057E+00	 2.72071E+00	 2.63511E+00	 4.15453E+00	 1.72092E+00	 1.43013E+00	 4.00858E+00	 2.78905E+00	 3.55044E+00	 1.77498E+00	 2.21782E+00	 3.11033E+00	 2.64286E+00	 6.02324E+00	 8.84539E+00	 6.49558E+00	 3.33925E+00	 4.38387E+00	 4.77248E+00	 3.62131E+00	 1.88051E+00	 2.57735E+00	 2.65213E+00	 3.79453E+00	 4.42398E+00	 4.05731E+00	 3.56140E+00	 2.25917E+00	 2.76627E+00	 3.63025E+00	 1.76602E+01	 3.94860E+01	 4.52243E+01	 5.81786E+01	 1.23848E+02	 1.37084E+02	 9.71374E+01	 6.65444E+01	 1.85084E+01	 3.36696E+00	 2.17014E+00	 3.33178E+00	 2.85363E+00	 1.09743E+00	 2.22338E+00	 3.02601E+00	 2.07806E+00	 3.10363E+00	 1.11727E+00	 1.53252E+00	 2.59319E+00	 8.51827E+00	 3.87985E+01	 8.53106E+01	 8.52860E+01	 4.23818E+01	 2.08331E+01	 2.48610E+01	 4.50675E+01
 8.50154E+00	 3.80129E+00	 4.32076E+00	 1.73669E+00	 2.65686E+00	 3.85182E+00	 3.67019E+00	 3.78710E+00	 3.62296E+00	 1.60409E+00	 2.68805E+00	 2.77601E+00	 4.01230E+00	 2.79878E+00	 2.51102E+00	 3.80203E+00	 3.80778E+00	 4.86343E+00	 2.80044E+00	 2.93345E+00	 2.64355E+00	 2.77927E+00	 3.69014E+00	 2.86983E+00	 2.90088E+00	 8.15817E+00	 1.80153E+01	 1.82581E+01	 1.01308E+01	 4.74024E+00	 2.05205E+00	 8.34942E+00	 5.03351E+01	 1.22437E+02	 1.69661E+02	 1.76589E+02	 1.98204E+02	 2.13325E+02	 1.68615E+02	 1.22720E+02	 3.08168E+01	 3.52158E+00	 2.84760E+00	 3.61944E+00	 4.54851E+00	 2.86035E+00	 1.99350E+00	 2.53252E+00	 2.92015E+00	 1.46228E+00	 9.10889E-01	 3.08636E+00	 3.71513E+00	 1.16765E+01	 4.41429E+01	 7.77653E+01	 6.01020E+01	 2.80969E+01	 2.33889E+01	 1.80380E+01	 2.20598E+01
 2.51461E+01	 6.05480E+00	 3.91228E+00	 2.37167E+00	 2.55639E+00	 5.75154E+00	 8.71263E+00	 2.07937E+00	 1.70011E+00	 2.31830E+00	 3.08781E+00	 2.46876E+00	 3.08708E+00	 3.23005E+00	 3.19289E+00	 2.73852E+00	 2.99557E+00	 4.11390E+00	 2.10120E+00	 2.09760E+00	 3.11035E+00	 2.65022E+00	 4.74705E+00	 1.87806E+01	 3.82959E+01	 3.13925E+01	 1.87426E+01	 1.53713E+01	 1.42939E+01	 1.93722E+01	 1.92662E+01	 1.04937E+01	 2.80120E+01	 9.23565E+01	 1.30710E+02	 1.04911E+02	 1.35890E+02	 1.85506E+02	 1.25164E+02	 8.25668E+01	 2.93168E+01	 8.54893E+00	 5.67251E+00	 3.00380E+00	 2.15272E+00	 3.05127E+00	 3.08781E+00	 4.58787E+00	 1.99208E+00	 3.09033E+00	 3.63025E+00	 4.62129E+00	 1.00296E+01	 2.76312E+01	 5.90187E+01	 6.16846E+01	 2.50094E+01	 2.79253E+01	 2.58387E+01	 3.72115E+01	 3.91028E+01
 3.15721E+00	 5.33652E+00	 2.04878E+00	 2.79878E+00	 3.57456E+00	 1.24387E+01	 3.77103E+01	 1.17009E+01	 3.41563E+00	 3.63727E+00	 3.59043E+00	 2.10151E+00	 2.94010E+00	 3.88023E+00	 1.67451E+00	 4.03902E+00	 5.01301E+00	 3.53903E+00	 2.80264E+00	 5.17016E+00	 3.91685E+00	 5.68713E+00	 1.71110E+01	 4.46785E+01	 8.67437E+01	 6.24937E+01	 2.60048E+01	 1.39597E+01	 1.52274E+01	 2.43318E+01	 2.90781E+01	 2.17009E+01	 2.32375E+01	 6.28572E+00	 1.12620E+01	 2.19082E+01	 3.87986E+01	 3.06614E+01	 2.30082E+01	 4.59103E+01	 3.39184E+01	 3.05357E+01	 1.56768E+01	 7.28938E+00	 2.11027E+00	 1.82228E+00	 2.28903E+00	 1.57277E+00	 2.42019E+00	 2.75000E+00	 3.12167E+00	 1.07755E+01	 5.18581E+01	 7.33728E+01	 5.03168E+01	 4.20561E+01	 1.34144E+01	 2.21034E+01	 3.33491E+01	 3.27880E+01	 2.67293E+01
 8.81141E+00	 3.41827E+01	 7.92685E+00	 3.20011E+00	 2.43250E+00	 7.41518E+00	 3.86480E+01	 4.27255E+01	 9.01170E+00	 2.62043E+00	 2.02958E+00	 1.88028E+00	 2.93224E+00	 4.60814E+00	 3.12277E+00	 5.01261E+00	 5.97932E+00	 6.24705E+00	 4.38013E+00	 3.27022E+00	 3.86722E+00	 1.51735E+01	 3.34875E+01	 4.03432E+01	 5.32441E+01	 3.75807E+01	 3.55818E+01	 2.92851E+01	 3.68363E+01	 5.71372E+01	 4.31181E+01	 3.17337E+01	 3.18114E+01	 7.96778E+00	 4.43028E+00	 2.97369E+00	 6.70095E+00	 6.05188E+00	 3.43672E+01	 6.33929E+01	 3.59488E+01	 4.82307E+01	 5.86262E+01	 1.89444E+01	 4.06707E+00	 3.44678E+00	 4.18347E+00	 3.39203E+00	 3.77927E+00	 4.53118E+00	 1.74956E+01	 5.77049E+01	 1.74252E+02	 1.22823E+02	 7.06957E+01	 5.55959E+01	 2.47937E+01	 1.66597E+01	 2.49356E+01	 3.54018E+01	 3.53889E+01
 3.37222E+01	 5.81070E+01	 1.65083E+01	 4.19743E+00	 4.56504E+00	 2.03104E+01	 5.17009E+01	 5.59019E+01	 2.38413E+01	 5.50454E+00	 2.71602E+00	 1.05853E+00	 2.26230E+00	 2.13727E+00	 5.98717E+00	 3.67416E+00	 2.62025E+00	 3.43861E+00	 4.25000E+00	 2.30169E+00	 2.77022E+00	 1.54509E+01	 2.48214E+01	 3.07594E+01	 3.42243E+01	 3.93785E+01	 4.03872E+01	 4.08363E+01	 3.32653E+01	 3.15594E+01	 5.29047E+01	 2.92952E+01	 2.79072E+01	 7.62427E+00	 2.35733E+00	 2.93013E+00	 2.50976E+00	 3.23389E+00	 5.24778E+00	 8.32264E+00	 2.42340E+01	 7.11174E+01	 9.21835E+01	 3.04812E+01	 1.71909E+00	 1.24208E+00	 2.42015E+00	 3.85928E+00	 6.03107E+00	 3.54230E+00	 2.14151E+01	 1.00593E+02	 1.17808E+02	 4.54533E+01	 2.87617E+01	 3.61096E+01	 1.27201E+01	 7.60454E+00	 1.64470E+01	 2.21775E+01	 1.87354E+01
 3.66052E+01	 4.21602E+01	 1.60721E+01	 1.90272E+00	 1.64371E+01	 6.14240E+01	 6.67551E+01	 6.98613E+01	 4.47711E+01	 1.74082E+01	 2.43585E+00	 2.89102E+00	 2.50832E+00	 3.00917E+00	 2.56401E+00	 2.87801E+00	 3.23362E+00	 3.33688E+00	 4.93347E+00	 3.55205E+00	 4.91139E+00	 1.02824E+01	 1.83591E+01	 3.00831E+01	 4.77409E+01	 3.29402E+01	 2.27192E+01	 1.73722E+01	 1.18923E+01	 2.79129E+01	 7.44660E+01	 3.25000E+01	 2.69402E+01	 7.97784E+00	 8.59796E+00	 5.08178E+00	 2.21009E+00	 4.86390E+00	 5.45363E+00	 3.45127E+00	 9.46270E+00	 4.02160E+01	 5.38056E+01	 3.03690E+01	 2.00603E+00	 3.38023E+00	 2.12921E+00	 6.15817E+00	 7.12427E+00	 2.45090E+00	 2.55060E+00	 1.82530E+01	 3.39636E+01	 1.59102E+01	 2.54409E+01	 3.42449E+01	 1.19276E+01	 1.39355E+00	 4.29851E+00	 5.39021E+00	 3.30075E+00
 2.93929E+01	 4.96228E+01	 2.04867E+01	 7.52483E+00	 2.65851E+01	 6.69850E+01	 6.59852E+01	 7.13551E+01	 5.22500E+01	 2.26204E+01	 1.36962E+01	 6.16563E+00	 3.47045E+00	 3.18250E+00	 2.98438E+00	 3.03545E+00	 3.86135E+00	 3.27000E+00	 3.39355E+00	 2.11033E+00	 1.77551E+00	 2.62389E+00	 6.20167E+00	 1.32594E+01	 2.18611E+01	 2.89955E+01	 2.82367E+01	 3.17985E+01	 3.87959E+01	 4.26962E+01	 5.65120E+01	 1.89509E+01	 1.46524E+01	 1.82516E+01	 5.42249E+01	 1.56177E+01	 1.26378E+01	 3.37904E+01	 1.77778E+01	 4.27022E+00	 3.51057E+00	 5.37767E+00	 1.42857E+01	 1.18043E+01	 4.10033E+00	 2.97831E+00	 3.30066E+00	 2.37167E+00	 8.51195E-01	 7.16020E-01	 2.61051E+00	 1.86033E+00	 4.61112E+00	 4.37043E+00	 4.68125E+00	 6.70675E+00	 3.19456E+00	 1.72673E+00	 2.99867E+00	 3.47071E+00	 3.13516E+00
 9.64286E+00	 1.72178E+01	 8.69445E+00	 3.00357E+01	 7.98491E+01	 5.47352E+01	 3.20804E+01	 1.93624E+01	 1.04926E+01	 6.75002E+00	 6.72432E+00	 7.43926E+00	 2.06507E+00	 3.33383E+00	 2.35305E+00	 3.75976E+00	 5.51951E+00	 2.51057E+00	 2.60056E+00	 4.48699E+00	 2.65019E+00	 2.33461E+00	 3.24398E+00	 8.90670E+00	 4.28580E+01	 7.80543E+01	 7.08499E+01	 5.88674E+01	 3.25831E+01	 1.66273E+01	 7.82206E+00	 4.97071E+00	 3.04851E+00	 2.75976E+00	 5.12577E+00	 3.96228E+00	 2.06052E+01	 6.13656E+01	 4.24630E+01	 6.59347E+00	 4.35409E+00	 3.84038E+00	 2.05047E+00	 2.04059E+00	 1.35182E+00	 2.38713E+00	 2.65024E+00	 3.78903E+00	 3.03326E+00	 2.21986E+00	 1.24409E+00	 2.22880E+00	 5.49194E+00	 3.94688E+00	 3.66685E+00	 6.17019E+00	 2.95745E+00	 3.74350E+00	 3.38051E+00	 5.28914E+00	 4.57101E+00
 4.28381E+00	 2.69678E+00	 1.74778E+00	 2.67360E+01	 4.85726E+01	 1.69868E+01	 2.63359E+00	 2.58370E+00	 2.83708E+00	 3.65164E+00	 4.76230E+00	 2.89102E+00	 2.30060E+00	 2.78902E+00	 1.86390E+00	 4.84470E+00	 5.76020E+00	 2.89640E+00	 3.56506E+00	 4.06372E+00	 5.25055E+00	 3.79376E+00	 2.79553E+00	 2.16089E+00	 1.84488E+01	 4.54908E+01	 3.85304E+01	 2.57367E+01	 6.92216E+00	 5.83197E+00	 1.30459E+01	 1.56893E+01	 7.46778E+00	 2.01649E+00	 1.42850E+00	 2.02601E+00	 2.85486E+00	 3.16399E+01	 4.98146E+01	 1.17318E+01	 2.03381E+00	 1.85033E+00	 3.36719E+00	 2.52188E+00	 2.80426E+00	 5.20085E+00	 3.12354E+00	 2.30091E+00	 2.73337E+00	 2.52601E+00	 2.36710E+00	 4.23362E+00	 2.79880E+00	 2.30857E+00	 3.30169E+00	 2.63359E+00	 2.05781E+00	 4.34108E+00	 6.28902E+00	 1.93839E+01	 8.01939E+01
 2.44010E+00	 2.68013E+00	 1.63028E+00	 4.02601E+00	 1.86710E+00	 2.45071E+00	 3.96672E+00	 2.34038E+00	 3.10381E+00	 4.91348E+00	 3.83708E+00	 2.36035E+00	 3.62296E+00	 2.81796E+00	 3.91017E+00	 2.71672E+00	 3.87354E+00	 3.37025E+00	 3.17014E+00	 2.45301E+00	 1.92015E+00	 2.30329E+00	 2.88727E+00	 3.91589E+00	 3.44263E+00	 1.28980E+01	 1.01547E+01	 3.10157E+00	 2.36702E+00	 3.05853E+00	 6.78405E+00	 8.07937E+00	 3.40346E+00	 3.18564E+00	 3.87921E+00	 4.66139E+00	 2.75000E+00	 4.74409E+00	 6.35506E+00	 2.31083E+00	 1.77272E+00	 4.43028E+00	 3.51952E+00	 7.56288E+00	 1.34882E+01	 1.92806E+01	 1.30842E+01	 3.62296E+00	 3.61696E+00	 2.76230E+00	 4.55253E+00	 3.28381E+00	 3.03750E+00	 2.65019E+00	 2.35409E+00	 3.44014E+00	 3.94676E+00	 2.86035E+00	 1.88443E+00	 1.41352E+01	 9.30243E+01
