//Exported ASCII-File
[Header]
FileName = C:\Users\reoml\Desktop\Mestrado\mapa raman\novas medidas\Medidas Raman - Rafael\Medidas Raman - Rafael\GO em substrato metalico (0.1 e 0.05) - Rafael.WIP
ImageName = Scan_000_Spec.Data 1_F: Min & Max -> Maximum [1488.5 rel. 1/cm -> 1677.3 rel. 1/cm]
PointsPerLine = 61
LinesPerImage = 61
ScanUnit = µm
ScanWidth = 30
ScanHeight = 30
ScanOriginX = 11.0629997253418
ScanOriginY = 1.60099995136261
ScanOriginZ = 0
DataUnit = CCD cts
[Data]
 1.71056E+01	 5.26545E+01	 3.78823E+01	 2.17500E+01	 4.12966E+01	 5.44572E+01	 5.32310E+01	 4.20805E+01	 2.83953E+01	 1.54099E+01	 1.29507E+01	 1.23510E+01	 5.62788E+00	 2.37822E+00	 4.86395E+00	 5.83420E+00	 4.46526E+00	 4.40167E+00	 5.10117E+00	 1.93924E+00	 2.18938E+00	 3.06683E+00	 3.89605E+00	 3.68042E+00	 3.00000E+00	 2.04478E+00	 4.25000E+00	 4.09926E+00	 4.69636E+00	 3.83522E+00	 6.24680E+00	 2.93324E+00	 1.84458E+00	 3.07879E+00	 8.60602E+00	 5.15665E+01	 6.55583E+01	 2.20021E+01	 7.67585E+00	 5.08369E+00	 2.73025E+00	 4.66954E+00	 3.38883E+00	 4.59554E+00	 4.60553E+00	 2.39780E+01	 5.77605E+01	 2.96158E+01	 5.94951E+00	 4.75369E+00	 8.19239E+00	 1.78804E+01	 5.93652E+01	 6.63367E+01	 1.61862E+01	 7.91180E+00	 3.55220E+00	 5.02748E+00	 6.59761E+00	 4.49435E+00	 6.31033E+00
 7.22376E+01	 7.04671E+01	 3.06733E+01	 2.62024E+01	 2.76668E+01	 4.29708E+01	 5.97826E+01	 5.91858E+01	 5.11400E+01	 2.62960E+01	 2.03087E+01	 4.34577E+01	 1.86214E+01	 4.98810E+00	 3.46911E+00	 2.39188E+00	 2.84712E+00	 2.92875E+00	 6.08506E+00	 2.48765E+00	 2.94014E+00	 4.41338E+00	 4.59682E+00	 3.97272E+00	 3.98277E+00	 3.89369E+00	 3.63872E+00	 4.40725E+00	 3.50000E+00	 2.44118E+00	 4.21912E+00	 3.97194E+00	 3.56650E+00	 3.65718E+00	 2.11206E+01	 6.80351E+01	 8.04667E+01	 3.73713E+01	 7.61701E+00	 3.61952E+00	 3.87022E+00	 2.92588E+00	 3.22530E+00	 5.91273E+00	 2.85282E+01	 8.61462E+01	 6.97879E+01	 2.20487E+01	 5.67570E+00	 6.65811E+00	 3.28961E+01	 2.49810E+01	 6.46105E+01	 7.38310E+01	 1.91759E+01	 3.23103E+00	 2.24529E+00	 2.50000E+00	 3.05962E+00	 4.88675E+00	 2.17983E+00
 6.22739E+01	 2.71139E+01	 1.09811E+01	 1.68585E+01	 3.40383E+01	 5.44355E+01	 6.04237E+01	 5.77316E+01	 6.13312E+01	 3.39234E+01	 1.91925E+01	 3.48273E+01	 1.50579E+01	 4.57800E+00	 2.28705E+00	 3.61368E+00	 8.51654E+00	 7.63572E+00	 2.67583E+00	 1.94636E+00	 5.20677E+00	 2.71295E+00	 1.96912E+00	 4.87382E+00	 2.93003E+00	 5.32252E+00	 2.16151E+00	 4.94441E+00	 4.51760E+00	 3.68198E+00	 3.29593E+00	 2.71294E+00	 3.78955E+00	 2.79056E+00	 4.26800E+01	 9.11453E+01	 1.07131E+02	 6.47234E+01	 1.41103E+01	 3.75875E+00	 1.21294E+00	 1.48735E+00	 1.86395E+00	 1.32611E+01	 4.95437E+01	 6.56167E+01	 1.91118E+01	 2.54558E+00	 2.14300E+00	 8.20959E+00	 3.37795E+01	 1.24912E+01	 1.72771E+01	 1.39533E+01	 5.12615E+00	 3.83369E+00	 3.39185E+00	 2.76235E+00	 2.66478E+00	 2.58316E+00	 1.76192E+00
 1.86667E+01	 9.02437E+00	 1.77188E+01	 5.17612E+01	 1.00987E+02	 9.83358E+01	 6.63881E+01	 4.80694E+01	 2.99939E+01	 2.51743E+01	 1.34524E+01	 4.17414E+00	 4.13872E+00	 4.43497E+00	 4.35981E+00	 2.40542E+00	 5.07800E+00	 5.91738E+00	 3.40279E+00	 2.46912E+00	 2.75000E+00	 3.57422E+00	 1.67371E+00	 1.93817E+00	 1.71908E+00	 2.15116E+00	 1.61793E+00	 2.82747E+00	 3.16942E+00	 2.54570E+00	 2.22837E+00	 2.99074E+00	 3.38872E+00	 3.95576E+00	 3.70130E+01	 7.75699E+01	 1.02542E+02	 4.53303E+01	 8.44239E+00	 1.07629E+00	 2.01097E+00	 2.55479E+00	 9.19130E+00	 4.24174E+01	 3.46066E+01	 1.56655E+01	 3.85129E+00	 3.92564E+00	 2.71908E+00	 3.37677E+00	 9.44423E+00	 3.24692E+00	 2.16478E+00	 2.55042E+00	 2.65866E+00	 1.59482E+00	 1.97472E+00	 3.06503E+00	 1.94442E+00	 1.59829E+00	 6.20250E+00
 5.38762E+01	 5.24821E+01	 7.73561E+01	 8.29548E+01	 9.78048E+01	 8.66932E+01	 6.50006E+01	 5.58850E+01	 4.19810E+01	 2.96746E+01	 1.10244E+01	 5.15279E+00	 3.01151E+00	 2.86267E+00	 2.56423E+00	 1.74367E+00	 2.27028E+00	 8.60776E-01	 2.26472E+00	 2.12925E-01	 1.64138E+00	 2.60751E+00	 2.69428E+00	 2.94442E+00	 2.03521E+00	 4.39809E+00	 2.99627E+00	 1.91418E+00	 1.61395E+00	 2.43186E+00	 3.01012E+00	 2.32677E+00	 2.51760E+00	 3.61793E+00	 1.00036E+01	 2.22883E+01	 3.63190E+01	 2.51104E+01	 1.06347E+01	 3.33917E+00	 1.22529E+00	 3.09507E+00	 1.32914E+01	 5.77762E+01	 5.99093E+01	 3.14851E+01	 8.72534E+00	 3.05304E+00	 1.63857E+00	 4.12845E+00	 2.74893E+00	 1.65883E+00	 2.75000E+00	 2.05304E+00	 2.71400E+00	 1.24382E+00	 1.68511E+00	 9.47534E+00	 1.76584E+01	 1.92155E+01	 2.28848E+01
 5.35227E+01	 4.93000E+01	 3.96334E+01	 3.22024E+01	 4.23751E+01	 4.08622E+01	 3.77351E+01	 3.32630E+01	 2.30661E+01	 1.62090E+01	 7.58080E+00	 1.96294E+00	 3.01760E+00	 1.92583E+00	 1.58285E+00	 2.21294E+00	 3.15733E+00	 1.70366E+00	 3.36078E+00	 2.67277E+00	 1.75000E+00	 1.92484E+00	 1.20055E+00	 2.33058E+00	 3.16942E+00	 3.17834E+00	 3.16662E+00	 3.20368E+00	 2.23147E+00	 3.49846E+00	 2.61793E+00	 1.21295E+00	 1.28795E+00	 2.60751E+00	 8.95169E+00	 2.30579E+01	 1.51678E+01	 9.08452E+00	 1.15000E+01	 6.35850E+00	 3.50369E+00	 5.01897E+00	 2.87874E+00	 8.51230E+00	 2.18021E+01	 2.39041E+01	 1.18284E+01	 4.06161E+00	 3.15731E+00	 4.04283E+00	 1.86326E+00	 2.04056E+00	 3.07698E+00	 1.45312E+00	 1.71295E+00	 1.75231E+00	 2.78346E+00	 6.54518E+00	 2.56746E+01	 1.71655E+01	 7.90811E+00
 1.99099E+01	 2.39925E+01	 2.69882E+01	 2.37721E+01	 2.47224E+01	 2.67238E+01	 2.36699E+01	 1.94015E+01	 1.05001E+01	 3.34303E+00	 2.70049E+00	 1.49787E+00	 2.33049E+00	 1.07586E+00	 1.07354E+00	 1.88632E+00	 3.18817E+00	 2.67588E+00	 2.75460E+00	 2.31423E+00	 9.93825E-01	 1.71294E+00	 1.70368E+00	 2.37731E+00	 2.32693E+00	 1.43511E+00	 2.62615E+00	 3.48511E+00	 2.97142E+00	 2.09859E+00	 3.36372E+00	 2.39042E+00	 2.83979E+00	 1.25779E+00	 2.41004E+00	 5.75769E+00	 5.53854E+00	 3.72710E+00	 5.72534E+00	 3.86639E+00	 1.72221E+00	 1.50875E+00	 1.52028E+00	 7.04056E+00	 2.11742E+01	 2.18300E+01	 1.16061E+01	 4.88826E+00	 3.39447E+00	 4.22221E+00	 3.25926E+00	 1.38668E+00	 1.72026E+00	 2.42532E+00	 2.55527E+00	 1.80527E+00	 2.25268E+00	 2.93823E+00	 1.37673E+01	 1.93276E+01	 1.96515E+01
 8.59625E+00	 1.71732E+01	 2.90474E+01	 3.68379E+01	 2.84810E+01	 2.73357E+01	 2.70694E+01	 1.41564E+01	 4.22745E+00	 1.81814E+00	 1.67875E+00	 2.43947E+00	 3.47620E+00	 4.87382E+00	 5.70774E+00	 6.43234E+00	 1.19232E+01	 1.78004E+01	 1.20364E+01	 5.46625E+00	 1.26581E+00	 2.92585E+00	 3.45669E+00	 2.56183E+00	 2.43822E+00	 3.64188E+00	 3.06451E+00	 1.96908E+00	 2.38202E+00	 2.95058E+00	 3.64188E+00	 2.81469E+00	 4.64034E+00	 1.92253E+00	 2.95979E+00	 6.30613E+00	 3.50832E+00	 4.33951E+00	 4.01936E+00	 2.25000E+00	 2.25000E+00	 9.75276E-01	 2.61741E+00	 2.50925E+01	 6.55186E+01	 6.67759E+01	 3.61876E+01	 2.26548E+01	 2.06429E+01	 9.86770E+00	 4.15343E+00	 3.56653E+00	 4.31423E+00	 2.18347E+00	 4.33262E+00	 4.66525E+00	 5.24435E+00	 1.35083E+01	 4.61913E+01	 7.31693E+01	 6.64121E+01
 3.33111E+00	 2.85139E+00	 1.14795E+01	 2.60244E+01	 2.76684E+01	 2.41655E+01	 2.28162E+01	 1.14670E+01	 3.64447E+00	 4.76097E+00	 9.08156E+00	 1.37652E+01	 1.61452E+01	 1.93079E+01	 2.10699E+01	 2.11765E+01	 3.44620E+01	 3.98658E+01	 3.09784E+01	 1.76090E+01	 4.05451E+00	 2.82252E+00	 4.28754E+00	 4.96629E+00	 6.85878E+00	 1.13239E+01	 5.00127E+00	 9.93825E-01	 3.65735E+00	 3.62956E+00	 3.15735E+00	 6.28754E+00	 6.92561E+00	 5.07836E+00	 2.53085E+00	 4.01097E+00	 4.57125E+00	 2.36013E+00	 2.76581E+00	 1.87022E+00	 1.97176E+00	 4.17588E+00	 9.60773E+00	 2.84509E+01	 7.37297E+01	 1.03769E+02	 7.17071E+01	 3.48568E+01	 2.29817E+01	 9.44076E+00	 2.29779E+00	 2.16807E+00	 2.48765E+00	 3.31161E+00	 7.50576E+00	 1.12615E+01	 1.36357E+01	 2.16119E+01	 3.84500E+01	 6.95664E+01	 6.47686E+01
 3.41662E+00	 2.61358E+00	 4.42570E+00	 1.29191E+01	 2.11000E+01	 1.87295E+01	 1.56985E+01	 4.34458E+00	 2.20359E+00	 8.82943E+00	 2.68244E+01	 3.26157E+01	 2.98850E+01	 3.17317E+01	 3.11324E+01	 3.61426E+01	 3.55883E+01	 3.74706E+01	 5.10170E+01	 3.51586E+01	 9.62193E+00	 5.36006E+00	 1.84265E+01	 3.87869E+01	 5.25957E+01	 4.94487E+01	 2.33566E+01	 5.21629E+00	 4.25000E+00	 2.82436E+00	 3.42564E+00	 2.67570E+00	 3.42414E+00	 5.77745E+00	 4.46625E+00	 4.75644E+00	 4.00644E+00	 3.06437E+00	 4.12638E+00	 3.68267E+00	 2.45668E+00	 3.13826E+00	 1.02267E+01	 4.03136E+01	 6.39045E+01	 6.00075E+01	 2.79302E+01	 5.17769E+00	 3.86486E+00	 1.50000E+00	 2.36994E+00	 3.69428E+00	 3.25000E+00	 3.11267E+00	 1.40282E+01	 1.60184E+01	 1.54522E+01	 1.80281E+01	 3.96556E+01	 7.36161E+01	 5.99096E+01
 1.40872E+01	 2.91654E+00	 2.42875E+00	 3.79967E+00	 7.82729E+00	 1.19110E+01	 5.41631E+00	 3.15735E+00	 3.65225E+00	 9.74361E+00	 2.13070E+01	 2.77206E+01	 3.11158E+01	 3.11336E+01	 3.79396E+01	 6.00559E+01	 6.99901E+01	 7.14708E+01	 6.40776E+01	 3.56398E+01	 1.44324E+01	 1.79809E+01	 4.68852E+01	 5.55173E+01	 3.36795E+01	 2.10003E+01	 1.17163E+01	 2.73735E+00	 2.75000E+00	 2.22221E+00	 2.47221E+00	 2.97142E+00	 2.22530E+00	 2.52846E+00	 2.35295E+00	 3.86741E+00	 3.65697E+00	 3.50000E+00	 5.20590E+00	 5.35539E+00	 2.76654E+00	 2.78485E+00	 1.09605E+01	 3.80635E+01	 6.75227E+01	 5.71740E+01	 2.14155E+01	 2.40442E+00	 8.48586E-01	 3.14185E+00	 1.82583E+00	 1.25000E+00	 1.95366E+00	 2.47652E+00	 3.39447E+00	 8.74680E+00	 9.24680E+00	 1.07693E+01	 3.45741E+01	 6.51506E+01	 7.63277E+01
 4.62382E+00	 2.62264E+00	 3.16352E+00	 4.31862E+00	 3.73694E+00	 4.09615E+00	 2.14613E+00	 1.92484E+00	 5.98025E+00	 1.98987E+01	 3.47131E+01	 3.37280E+01	 4.22887E+01	 4.24810E+01	 4.31043E+01	 6.56157E+01	 9.37907E+01	 9.61584E+01	 9.43073E+01	 7.61738E+01	 3.67888E+01	 1.37917E+01	 3.58487E+01	 5.17200E+01	 3.40332E+01	 6.08662E+00	 2.37264E+00	 2.76796E+00	 3.60156E+00	 2.68096E+00	 2.41161E+00	 1.79945E+00	 2.95476E+00	 3.10851E+00	 1.89201E+00	 2.44636E+00	 3.98104E+00	 3.94311E+00	 4.36486E+00	 3.81637E+00	 5.88675E+00	 1.21540E+01	 1.85464E+01	 1.99554E+01	 1.99490E+01	 9.95614E+00	 3.69286E+00	 2.55151E+00	 3.19441E+00	 2.00000E+00	 2.20576E+00	 7.50000E-01	 2.53793E+00	 2.48988E+00	 2.18186E+00	 2.75000E+00	 3.21294E+00	 2.52028E+00	 1.06960E+01	 3.66786E+01	 5.97501E+01
 2.25000E+00	 2.80220E+00	 1.48803E+00	 2.19014E+00	 3.05049E+00	 3.98765E+00	 4.28334E+00	 3.38877E+00	 3.01192E+00	 1.21125E+01	 3.30135E+01	 3.70957E+01	 3.17690E+01	 3.44381E+01	 4.30262E+01	 5.18487E+01	 6.60556E+01	 8.71202E+01	 8.02700E+01	 4.56543E+01	 1.15773E+01	 5.03115E+00	 2.00000E+00	 3.84926E+00	 3.23586E+00	 6.34829E+00	 1.59192E+01	 1.55361E+01	 3.56404E+00	 1.64447E+00	 2.60609E+00	 2.85981E+00	 2.52748E+00	 3.68823E+00	 4.64926E+00	 1.40743E+01	 3.28785E+01	 2.26206E+01	 3.96302E+00	 2.59117E+00	 5.25000E+00	 2.24887E+01	 2.95542E+01	 2.26347E+01	 5.90493E+00	 5.25000E+00	 2.53161E+00	 2.36267E+00	 3.40725E+00	 2.09026E+00	 2.25519E+00	 2.63867E+00	 1.43433E+00	 2.66352E+00	 4.46629E+00	 3.12008E+00	 2.64926E+00	 2.49015E+00	 4.57957E+00	 1.00739E+01	 2.13501E+01
 9.90513E-01	 3.23147E+00	 2.62212E+00	 2.86639E+00	 3.15725E+00	 1.84507E+00	 3.50926E+00	 2.93515E+00	 2.94389E+00	 3.32640E+00	 1.44099E+01	 4.22907E+01	 4.22135E+01	 2.57065E+01	 1.73263E+01	 2.01826E+01	 2.34122E+01	 2.32521E+01	 1.69232E+01	 6.72240E+00	 1.97529E+00	 2.71294E+00	 9.41180E-01	 4.08826E+00	 5.35773E+00	 1.87647E+01	 2.29886E+01	 1.16918E+01	 4.75576E+00	 2.38872E+00	 3.02401E+00	 3.14377E+00	 1.18267E+00	 6.92875E+00	 2.51960E+01	 5.56800E+01	 7.19473E+01	 5.83658E+01	 6.82729E+00	 1.91631E+00	 2.18096E+00	 2.13872E+00	 2.27807E+00	 2.37938E+00	 9.96625E+00	 1.29241E+01	 2.52303E+00	 3.94944E+00	 2.90553E+00	 2.61395E+00	 2.92588E+00	 2.44130E+00	 3.08452E+00	 1.69321E+00	 1.49051E+00	 1.98104E+00	 2.75000E+00	 2.03626E+00	 2.19436E+00	 4.45312E+00	 2.88675E+00
 1.92564E+00	 3.45359E+00	 5.53521E+00	 3.23147E+00	 4.44441E+00	 2.65129E+00	 2.25000E+00	 2.98346E+00	 8.41939E-01	 3.56553E+00	 1.68677E+01	 5.38935E+01	 5.05492E+01	 2.37188E+01	 3.72155E+00	 2.91654E+00	 5.02093E+00	 4.52745E+00	 4.67036E+00	 3.34759E+00	 2.44014E+00	 2.97530E+00	 3.50000E+00	 2.69311E+00	 5.03626E+00	 1.13123E+01	 1.12906E+01	 3.50000E+00	 1.37638E+00	 3.94389E+00	 3.87634E+00	 2.70033E+00	 3.04191E+00	 6.54061E+00	 2.73952E+01	 7.36464E+01	 7.58572E+01	 5.35500E+01	 7.41180E+00	 3.50000E+00	 2.75000E+00	 3.04326E+00	 2.75000E+00	 3.19389E+00	 3.44442E+00	 4.31970E+00	 2.45060E+00	 1.25000E+00	 1.98147E+00	 2.41352E+00	 2.67277E+00	 3.57994E+00	 2.03248E+00	 2.00000E+00	 3.03793E+00	 1.00000E+00	 2.66571E+00	 1.40993E+00	 1.44441E+00	 3.62615E+00	 4.17640E+00
 4.90725E+00	 7.68267E+00	 5.73597E+00	 2.25000E+00	 2.25000E+00	 1.95049E+00	 2.51306E+00	 2.90531E+00	 3.88872E+00	 2.84303E+00	 5.27028E+00	 1.12595E+01	 2.39300E+01	 5.55559E+00	 1.21294E+00	 2.51460E+00	 3.02212E+00	 2.99578E+00	 1.66807E+00	 3.45058E+00	 6.00000E+00	 8.22250E+00	 7.63006E+00	 4.36535E+00	 5.44286E+00	 2.20774E+00	 3.88305E+00	 2.65074E+00	 4.79420E+00	 4.94399E+00	 4.45430E+00	 1.81637E+00	 2.50779E+00	 3.32800E+00	 2.39009E+01	 8.05458E+01	 1.18655E+02	 5.00272E+01	 4.74574E+00	 3.66418E+00	 3.47218E+00	 2.10156E+00	 3.77974E+00	 2.34216E+00	 2.00000E+00	 3.15718E+00	 2.07693E+00	 2.71912E+00	 2.77028E+00	 1.94944E+00	 2.91180E+00	 2.50576E+00	 3.70060E+00	 1.75000E+00	 2.61090E+00	 2.86322E+00	 2.24367E+00	 1.92583E+00	 2.43815E+00	 4.74119E+00	 1.20802E+01
 1.25000E+00	 3.50000E+00	 2.89394E+00	 2.64796E+00	 2.45674E+00	 3.14188E+00	 2.74382E+00	 2.98765E+00	 4.29410E+00	 2.81936E+00	 3.37638E+00	 4.25000E+00	 5.41418E+00	 3.49680E+00	 2.11127E+00	 2.28521E+00	 4.87615E+00	 4.01760E+00	 5.75000E+00	 7.27807E+00	 6.65697E+00	 5.69118E+00	 7.94286E+00	 3.72154E+00	 2.48765E+00	 2.76403E+00	 5.35298E+00	 4.50875E+00	 5.22221E+00	 2.42583E+00	 2.30042E+00	 3.11099E+00	 3.31451E+00	 2.50000E+00	 1.27906E+01	 5.03420E+01	 4.62903E+01	 8.25255E+00	 8.28854E+00	 1.73262E+01	 1.09767E+01	 5.65516E+00	 3.68504E+00	 3.10129E+00	 3.47471E+00	 2.12938E+00	 5.12645E+00	 2.00460E+00	 2.37022E+00	 3.48765E+00	 2.59275E+00	 2.55196E+00	 2.47091E+00	 1.47528E+00	 1.45669E+00	 1.46294E+00	 2.61372E+00	 2.89185E+00	 2.58308E+00	 1.35111E+01	 3.44067E+01
 2.89762E+00	 1.45294E+00	 2.93596E+00	 3.13867E+00	 1.77529E+00	 6.77693E+00	 2.87062E+00	 4.56802E+00	 2.78068E+00	 2.73528E+00	 2.47142E+00	 5.81394E+00	 1.66819E+01	 1.56315E+01	 1.46839E+00	 2.68497E+00	 3.96556E+00	 4.99732E+00	 5.01197E+00	 4.44521E+00	 2.74074E+00	 7.50000E+00	 9.00369E+00	 2.29967E+00	 2.08040E+00	 1.83262E+00	 1.71908E+00	 1.67678E+00	 2.47837E+00	 2.75000E+00	 3.98146E+00	 3.08316E+00	 4.57770E+00	 4.30882E+00	 5.00107E+00	 8.70250E+00	 9.55559E+00	 5.70959E+00	 9.85539E+00	 3.57310E+01	 5.36336E+01	 3.25317E+01	 1.48500E+01	 3.60295E+00	 3.70060E+00	 2.34759E+00	 2.00000E+00	 3.34243E+00	 1.16958E+00	 2.26364E+00	 2.82360E+00	 2.69941E+00	 2.65524E+00	 2.10129E+00	 2.12638E+00	 2.37022E+00	 2.67678E+00	 1.95060E+00	 4.14762E+00	 2.05937E+01	 4.29688E+01
 4.82964E+00	 2.94804E+00	 2.61090E+00	 4.29641E+00	 3.32354E+00	 3.19038E+00	 2.38872E+00	 2.43817E+00	 4.75000E+00	 5.11064E+00	 2.50000E+00	 4.16525E+00	 1.27468E+01	 1.58625E+01	 5.65931E+00	 4.44389E+00	 2.57994E+00	 4.21294E+00	 2.88922E+00	 5.35085E+00	 7.52144E+00	 4.94182E+00	 3.46912E+00	 1.93823E+00	 2.10392E+00	 3.43682E+00	 2.67421E+00	 4.13261E+00	 3.81469E+00	 3.85392E+00	 3.95674E+00	 3.78394E+00	 3.17036E+00	 3.04210E+00	 1.28754E+00	 2.08662E+00	 2.74156E+00	 2.50000E+00	 8.51106E+00	 4.24358E+01	 5.94046E+01	 6.44006E+01	 4.37334E+01	 1.01045E+01	 2.05296E+00	 3.01235E+00	 1.87938E+00	 3.57994E+00	 1.95669E+00	 1.90553E+00	 4.44436E+00	 3.51898E+00	 2.18823E+00	 2.54896E+00	 4.43825E+00	 1.62822E+00	 2.90116E+00	 4.10238E+00	 2.04896E+00	 3.12616E+00	 6.89239E+00
 6.83802E+00	 9.00737E+00	 4.07322E+00	 3.42484E+00	 5.93822E+00	 2.91548E+00	 2.17583E+00	 2.97176E+00	 1.41008E+00	 4.35499E+00	 3.37062E+00	 2.85156E+00	 2.68267E+00	 2.58316E+00	 3.21526E+00	 3.47254E+00	 2.46526E+00	 1.71206E+00	 4.03600E+00	 1.29912E+01	 2.79229E+01	 1.17917E+01	 1.65098E+00	 2.26192E+00	 1.82696E+00	 2.25245E+00	 2.28795E+00	 4.24156E+00	 3.75230E+00	 3.75000E+00	 2.96879E+00	 1.53848E+01	 2.87572E+01	 5.79606E+00	 2.50000E+00	 1.18839E+00	 1.22530E+00	 3.19439E+00	 5.42695E+00	 1.65578E+01	 2.23848E+01	 1.47848E+01	 5.24119E+00	 4.62788E+00	 5.87423E+00	 3.27530E+00	 2.35981E+00	 2.80196E+00	 1.92036E+00	 2.48765E+00	 4.43515E+00	 3.63172E+00	 2.80196E+00	 3.88872E+00	 2.64300E+01	 2.24824E+01	 3.82698E+00	 5.06553E+00	 2.70250E+00	 1.45305E+00	 1.81451E+00
 3.92696E+01	 3.96358E+01	 1.52684E+01	 5.11725E+00	 3.65601E+00	 4.50875E+00	 5.63105E+00	 2.50000E+00	 1.85499E+00	 2.89871E+00	 2.61143E+00	 3.81437E+00	 5.82640E+00	 3.40731E+00	 2.18052E+00	 4.15296E+00	 3.42164E+00	 2.84037E+00	 2.93359E+00	 4.05771E+00	 7.08110E+00	 4.35085E+00	 2.50245E+00	 2.36701E+00	 3.85295E+00	 2.41571E+00	 3.22715E+00	 2.97218E+00	 3.75000E+00	 9.00644E+00	 1.39131E+01	 1.85429E+01	 2.10904E+01	 5.82957E+00	 2.48147E+00	 2.48636E+00	 2.18823E+00	 2.60878E+00	 2.72221E+00	 1.98960E+00	 2.09859E+00	 2.81183E+00	 2.89557E+00	 4.37938E+00	 3.09879E+00	 2.38877E+00	 2.98147E+00	 2.03334E+00	 3.68186E+00	 4.35728E+00	 4.91525E+00	 1.00000E+00	 3.01897E+00	 7.60129E+00	 7.27506E+01	 8.80223E+01	 2.05184E+01	 1.83162E+01	 3.40074E+00	 3.65074E+00	 3.95049E+00
 3.75424E+01	 3.07863E+01	 9.96696E+00	 2.70366E+00	 3.36090E+00	 1.14131E+01	 1.53885E+01	 6.38075E+00	 4.61410E+00	 4.82703E+00	 4.08097E+00	 7.88572E+00	 1.28052E+01	 6.12845E+00	 2.46294E+00	 2.48597E+00	 5.91008E+00	 4.51654E+00	 2.42640E+00	 3.79524E+00	 3.50000E+00	 4.25000E+00	 3.36395E+00	 3.52745E+00	 2.77243E+00	 9.08951E+00	 1.85115E+01	 7.80516E+00	 5.32640E+00	 2.02996E+01	 4.27243E+01	 4.23891E+01	 2.37357E+01	 6.99787E+00	 3.46289E+00	 4.33308E+00	 3.04056E+00	 2.69130E+00	 2.10602E+00	 2.78359E+00	 2.52028E+00	 3.08262E+00	 3.96908E+00	 3.00000E+00	 3.72471E+00	 4.45674E+00	 1.83058E+00	 4.21783E+00	 3.67514E+00	 3.25000E+00	 2.76760E+00	 2.55771E+00	 3.89809E+00	 2.50000E+00	 1.22024E+01	 2.52280E+01	 1.01976E+01	 4.39394E+00	 1.48147E+00	 2.87736E+00	 2.42875E+00
 1.77415E+01	 1.41589E+01	 5.05281E+00	 2.48765E+00	 2.41807E+00	 6.29559E+00	 5.99787E+00	 4.87212E+00	 2.17253E+00	 2.45368E+00	 2.93822E+00	 1.52033E+01	 3.42288E+01	 1.09633E+01	 3.44685E+00	 2.69038E+00	 6.47951E+00	 7.00048E+00	 2.78466E+00	 3.78521E+00	 2.86267E+00	 3.13857E+00	 2.67588E+00	 1.26927E+00	 5.00000E-01	 2.40812E+01	 6.09124E+01	 2.23255E+01	 2.88013E+00	 5.48960E+00	 3.15036E+01	 5.33018E+01	 4.40857E+01	 1.29116E+01	 2.25644E+00	 2.34542E+00	 3.23278E+00	 2.23586E+00	 2.84476E+00	 3.23146E+00	 3.19439E+00	 2.87024E+00	 6.12643E+00	 4.62024E+00	 2.48455E+00	 3.13881E+00	 3.66418E+00	 5.55387E+00	 5.36793E+00	 4.45058E+00	 2.97745E+00	 2.99770E+00	 3.22530E+00	 3.52843E+00	 3.50461E+00	 5.00000E+00	 4.15116E+00	 4.28068E+00	 5.30387E+00	 4.86542E+00	 3.92484E+00
 2.72307E+00	 3.72807E+00	 2.42583E+00	 1.93817E+00	 1.57354E+00	 2.80689E+00	 1.82677E+00	 2.58917E+00	 2.69903E+00	 3.26796E+00	 2.93823E+00	 3.54751E+00	 1.21302E+01	 6.52693E+00	 1.24221E+00	 1.23765E+00	 2.20058E+00	 2.05059E+00	 1.74753E+00	 1.81553E+00	 1.90116E+00	 3.37822E+00	 2.47026E+00	 2.88939E+00	 2.69436E+00	 4.97142E+00	 1.22640E+01	 7.16180E+00	 6.10664E+00	 1.07133E+01	 2.19670E+01	 2.89233E+01	 2.00386E+01	 1.02952E+01	 2.66320E+00	 1.95058E+00	 2.17587E+00	 2.45368E+00	 3.08233E+00	 3.99382E+00	 2.32693E+00	 2.18515E+00	 2.73102E+00	 2.20221E+00	 2.57910E+00	 4.23735E+00	 4.27974E+00	 3.50000E+00	 4.35295E+00	 4.81683E+00	 3.25875E+00	 2.50000E+00	 3.26097E+00	 3.13048E+00	 2.44007E+00	 5.33939E+00	 4.39042E+00	 5.77745E+00	 5.83956E+00	 5.57041E+00	 4.45774E+00
 3.16147E+00	 3.34902E+00	 2.24173E+00	 7.72848E-01	 1.75000E+00	 1.91385E+00	 2.06323E+00	 1.86542E+00	 2.22250E+00	 7.50000E-01	 1.47218E+00	 2.04896E+00	 1.69439E+00	 2.71156E+00	 2.72142E+00	 1.22142E+00	 2.82677E+00	 2.77846E+00	 2.46400E+00	 1.48735E+00	 1.72472E+00	 3.27714E+00	 2.37788E+00	 2.08262E+00	 2.46294E+00	 2.23419E+00	 1.96908E+00	 3.72142E+00	 5.24435E+00	 5.58080E+00	 1.20348E+01	 1.55964E+01	 9.48094E+00	 4.82943E+00	 3.46783E+00	 1.93267E+00	 1.79558E+00	 1.50000E+00	 3.18606E+00	 1.95674E+00	 2.23025E+00	 2.50000E+00	 3.21911E+00	 1.92703E+00	 2.00000E+00	 2.63259E+00	 1.70838E+00	 2.19399E+00	 1.68198E+00	 1.88605E+00	 1.00000E+00	 2.72142E+00	 2.08142E+00	 2.52734E+00	 3.05387E+00	 2.63883E+00	 3.17587E+00	 3.10295E+00	 2.03793E+00	 2.53485E+00	 2.39185E+00
 1.68186E+00	 2.89796E+00	 1.39042E+00	 1.84712E+00	 1.82903E+00	 2.05220E+00	 1.86368E+00	 1.44038E+00	 9.72723E-01	 2.17587E+00	 3.93324E+00	 2.43823E+00	 2.50875E+00	 2.32693E+00	 2.62024E+00	 1.75875E+00	 2.93186E+00	 2.21911E+00	 1.89188E+00	 5.14788E+00	 1.22502E+01	 1.45002E+01	 1.56348E+01	 8.71167E+00	 2.82956E+00	 1.70148E+00	 2.21526E+00	 3.02303E+00	 4.69758E+00	 7.56135E+00	 1.59425E+01	 3.77640E+01	 3.15857E+01	 9.76475E+00	 1.93692E+00	 2.41525E+00	 1.56653E+00	 2.63877E+00	 2.45590E+00	 2.52944E+00	 1.73988E+00	 9.19584E-01	 1.66092E+00	 3.00000E+00	 2.74074E+00	 3.18511E+00	 2.00875E+00	 1.88826E+00	 2.23147E+00	 1.67587E+00	 2.42640E+00	 1.71292E+00	 2.75000E+00	 5.09243E+00	 2.29558E+00	 2.82354E+00	 2.66654E+00	 2.35862E+00	 1.22745E+00	 1.39708E+00	 3.21911E+00
 6.63385E-01	 1.78359E+00	 2.77714E+00	 2.22745E+00	 2.20366E+00	 1.48147E+00	 1.46912E+00	 1.65116E+00	 1.22111E+00	 1.97098E+00	 2.13572E+00	 2.86267E+00	 1.50370E+00	 1.48147E+00	 2.09761E+00	 3.16478E+00	 3.00755E+00	 2.52362E+00	 5.22620E+00	 1.40219E+01	 4.17206E+01	 8.25516E+01	 9.75112E+01	 5.80920E+01	 2.20771E+01	 9.42312E+00	 3.10539E+00	 1.45305E+00	 2.75308E+00	 7.78478E+00	 2.54426E+01	 4.34295E+01	 3.03838E+01	 6.98083E+00	 3.25104E+02	 2.60477E+02	 3.41273E+00	 2.02734E+00	 2.60156E+00	 3.06948E+00	 2.14300E+00	 1.90866E+00	 2.42417E+00	 1.98146E+00	 1.97529E+00	 1.63872E+00	 1.57640E+00	 1.14501E+00	 1.64188E+00	 2.58156E+00	 3.58917E+00	 1.44229E+00	 2.25000E+00	 3.17013E+00	 1.68511E+00	 2.42360E+00	 4.30147E+00	 2.59879E+00	 3.11701E+00	 7.93003E+00	 1.33294E+01
 1.64188E+00	 2.81451E+00	 2.35280E+00	 2.31394E+00	 3.64889E+00	 1.96205E+00	 1.73735E+00	 1.43511E+00	 3.00000E+00	 2.77212E+00	 3.46526E+00	 1.99051E+00	 1.50633E+00	 1.84216E+00	 1.27714E+00	 1.00000E+00	 2.50000E+00	 2.28795E+00	 5.99574E+00	 2.95580E+01	 6.69523E+01	 1.10629E+02	 1.12390E+02	 7.04815E+01	 3.99043E+01	 4.34620E+01	 3.66324E+01	 1.83732E+01	 1.01336E+01	 4.53276E+00	 7.23967E+00	 9.66205E+00	 5.00644E+00	 2.71912E+00	 1.90148E+00	 3.00000E+00	 3.00000E+00	 2.25827E+00	 1.43947E+00	 1.94439E+00	 9.81462E-01	 1.50000E+00	 1.62615E+00	 1.98765E+00	 2.68823E+00	 1.46912E+00	 4.83917E+00	 3.25875E+00	 4.29056E+00	 4.16338E+00	 3.07677E+00	 2.41958E+00	 1.21911E+00	 4.93825E-01	 1.23765E+00	 2.01040E+00	 1.76265E+00	 1.56539E+00	 8.07041E+00	 3.00021E+01	 4.30317E+01
 1.96400E+00	 2.17585E+00	 2.30133E+00	 2.66958E+00	 1.97745E+00	 3.09852E+00	 3.63202E+00	 2.43822E+00	 3.50000E+00	 4.98960E+00	 2.62008E+00	 1.91478E+00	 2.26796E+00	 3.37634E+00	 2.95258E+00	 1.75000E+00	 2.31423E+00	 2.08262E+00	 2.72620E+00	 1.45464E+01	 4.23441E+01	 7.06930E+01	 8.79429E+01	 7.58908E+01	 5.78076E+01	 6.00590E+01	 6.16987E+01	 6.15845E+01	 5.66139E+01	 3.00920E+01	 2.92091E+01	 4.77288E+01	 3.27570E+01	 4.34117E+00	 1.75000E+00	 1.67585E+00	 3.18207E+00	 3.22530E+00	 1.52530E+00	 1.14394E+00	 1.86078E+00	 2.95049E+00	 2.23147E+00	 2.20368E+00	 2.46294E+00	 1.72221E+00	 2.46100E+00	 2.87731E+00	 2.15697E+00	 1.93692E+00	 1.44311E+00	 1.92253E+00	 1.93198E+00	 4.50000E+00	 7.13469E+00	 5.03068E+00	 2.54802E+00	 1.25000E+00	 4.25127E+00	 1.32133E+01	 2.05464E+01
 3.17277E+00	 2.79478E+00	 1.79210E+00	 2.48694E+00	 2.15157E+00	 2.22026E+00	 2.46912E+00	 1.01810E+01	 3.25776E+01	 4.74914E+01	 1.46054E+01	 2.84712E+00	 2.67585E+00	 1.44636E+00	 2.64138E+00	 1.95674E+00	 1.60156E+00	 9.07255E-01	 2.89708E+00	 8.59625E+00	 2.88751E+01	 4.10773E+01	 4.24649E+01	 4.70346E+01	 4.05985E+01	 4.39620E+01	 4.12264E+01	 4.07788E+01	 3.38236E+01	 3.62020E+01	 5.09759E+01	 6.80227E+01	 5.08345E+01	 1.10776E+01	 4.04061E+00	 3.34829E+00	 7.03854E+00	 1.14912E+01	 1.32609E+01	 5.97919E+00	 1.53795E+00	 2.61542E+00	 2.09859E+00	 2.64185E+00	 2.20674E+00	 1.54967E+00	 1.99578E+00	 1.63877E+00	 2.13877E+00	 2.28276E+00	 1.18823E+00	 1.60443E+00	 4.75615E+00	 1.77096E+01	 3.45964E+01	 3.14809E+01	 8.92312E+00	 1.65385E+00	 1.81936E+00	 1.17980E+00	 1.96294E+00
 3.97471E+00	 4.46051E+00	 2.95368E+00	 2.00000E+00	 2.06084E+00	 4.72251E+00	 1.30123E+01	 3.13332E+01	 4.39647E+01	 3.04591E+01	 1.25111E+01	 2.82017E+00	 2.02530E+00	 2.75000E+00	 1.73765E+00	 2.75000E+00	 3.05133E+00	 2.07994E+00	 1.74367E+00	 1.13738E+01	 3.96191E+01	 5.16215E+01	 4.80656E+01	 3.64538E+01	 2.29009E+01	 2.77356E+01	 3.09670E+01	 3.24649E+01	 3.44780E+01	 4.45857E+01	 4.49307E+01	 4.66043E+01	 4.58183E+01	 3.62721E+01	 2.42647E+01	 2.29155E+01	 3.41008E+01	 4.67832E+01	 3.72915E+01	 1.21813E+01	 3.00000E+00	 1.21691E+01	 2.62206E+01	 1.43120E+01	 2.66631E+00	 2.22472E+00	 2.71911E+00	 1.21911E+00	 2.83849E+00	 1.25000E+00	 1.03706E+00	 1.94951E+00	 1.45416E+01	 3.76429E+01	 4.57149E+01	 4.05736E+01	 1.62324E+01	 2.43186E+00	 2.02846E+00	 2.87635E+00	 1.36793E+00
 6.00000E+00	 8.63572E+00	 3.28369E+00	 7.57017E+00	 2.04057E+01	 2.85388E+01	 1.68262E+01	 8.20838E+00	 1.24480E+01	 1.24957E+01	 1.97974E+01	 1.05000E+01	 1.95590E+00	 1.81322E+00	 3.12615E+00	 3.17484E+00	 9.41311E+00	 1.10578E+01	 4.17769E+00	 1.18500E+01	 4.44009E+01	 7.13893E+01	 7.10199E+01	 4.41525E+01	 3.10191E+01	 4.07432E+01	 4.30381E+01	 3.66795E+01	 3.50387E+01	 4.56926E+01	 4.84863E+01	 4.76391E+01	 6.25765E+01	 7.36311E+01	 6.54506E+01	 6.86358E+01	 7.79634E+01	 8.30560E+01	 6.95198E+01	 2.15964E+01	 2.37789E+00	 1.15623E+01	 2.70187E+01	 2.03885E+01	 2.48765E+00	 3.18511E+00	 2.01796E+00	 3.10295E+00	 3.58049E+00	 1.76927E+00	 2.25308E+00	 2.22534E+00	 7.35773E+00	 1.91589E+01	 3.19904E+01	 2.84041E+01	 1.17190E+01	 2.81322E+00	 3.26581E+00	 1.24023E+00	 1.91079E+00
 2.22745E+00	 2.83308E+00	 2.52734E+00	 6.90542E+00	 2.01140E+01	 1.82359E+01	 3.11267E+00	 1.76796E+00	 3.72919E+00	 1.95548E+01	 5.31472E+01	 2.89872E+01	 4.21556E+00	 2.60295E+00	 4.22715E+00	 5.45590E+00	 1.82243E+01	 2.49939E+01	 1.15588E+01	 1.96334E+01	 6.65143E+01	 8.39215E+01	 5.96582E+01	 4.73347E+01	 3.30835E+01	 4.01191E+01	 5.41151E+01	 5.40500E+01	 4.61147E+01	 4.99910E+01	 4.70847E+01	 5.55461E+01	 7.10464E+01	 8.83019E+01	 8.16929E+01	 5.58487E+01	 5.12698E+01	 6.27649E+01	 6.35052E+01	 2.44743E+01	 2.23960E+00	 2.45368E+00	 6.80516E+00	 6.50010E+00	 2.53161E+00	 1.43433E+00	 1.78521E+00	 1.05667E+01	 2.72730E+01	 1.65464E+01	 2.47236E+00	 2.20060E+00	 3.65697E+00	 1.01581E+01	 1.45364E+01	 8.48083E+00	 2.22652E+00	 1.90733E+00	 3.09859E+00	 2.34216E+00	 3.11023E+00
 1.78955E+00	 3.17583E+00	 2.23735E+00	 3.83285E+00	 1.17500E+01	 6.58151E+00	 4.36023E+00	 1.95669E+00	 1.54593E+00	 9.67312E+00	 1.95070E+01	 1.19524E+01	 3.90354E+00	 2.84859E+00	 2.69439E+00	 4.70774E+00	 1.50429E+01	 1.03785E+01	 5.75370E+00	 8.95902E+00	 3.53347E+01	 4.71524E+01	 3.78410E+01	 3.94376E+01	 4.52786E+01	 4.19001E+01	 4.74300E+01	 4.84738E+01	 4.65072E+01	 5.56338E+01	 5.11460E+01	 4.29997E+01	 4.83660E+01	 7.93171E+01	 9.84929E+01	 9.23274E+01	 6.66950E+01	 6.89905E+01	 5.05005E+01	 1.14840E+01	 2.35387E+00	 3.62634E+00	 2.56394E+00	 2.41021E+00	 2.93808E+00	 2.70979E+00	 1.75000E+00	 4.90459E+00	 2.36893E+01	 2.49180E+01	 3.96839E+00	 2.82360E+00	 3.16348E+00	 2.65098E+00	 3.06084E+00	 3.95058E+00	 2.79896E+00	 1.89447E+00	 2.12638E+00	 2.24074E+00	 3.36994E+00
 1.52212E+00	 2.91525E+00	 3.48401E+00	 2.48455E+00	 6.36174E+00	 9.67253E+00	 1.27705E+01	 8.03787E+00	 4.10728E+00	 1.78485E+00	 4.67312E+00	 2.46501E+00	 3.65288E+00	 4.60981E+00	 3.23960E+00	 2.20590E+00	 4.02714E+00	 1.75000E+00	 2.91320E+00	 7.08885E+00	 3.41461E+01	 5.58334E+01	 4.06926E+01	 3.71324E+01	 4.61586E+01	 4.72091E+01	 5.85042E+01	 5.96324E+01	 5.98075E+01	 4.93485E+01	 3.86567E+01	 3.84670E+01	 5.68457E+01	 5.68514E+01	 5.80484E+01	 1.35486E+02	 1.59053E+02	 8.06252E+01	 6.68127E+01	 1.34310E+01	 2.38872E+00	 3.90735E+00	 3.00000E+00	 3.25000E+00	 3.07043E+00	 2.48103E+00	 2.17875E+00	 2.82994E+00	 6.13835E+00	 3.99015E+00	 2.69436E+00	 2.11090E+00	 2.64185E+00	 3.65733E+00	 1.46841E+00	 1.24367E+00	 2.68052E+00	 3.40542E+00	 1.02028E+00	 2.82322E+00	 3.46207E+00
 4.20674E+00	 2.49074E+00	 3.24051E+00	 3.06692E+00	 2.71501E+00	 6.31465E+00	 4.85550E+00	 6.42514E+00	 3.53359E+00	 4.48735E+00	 4.06192E+00	 2.05355E+01	 1.89740E+01	 4.86267E+00	 5.13572E+00	 4.48636E+00	 3.95677E+00	 2.95258E+00	 3.10387E+00	 3.34829E+00	 4.59303E+00	 1.85058E+01	 3.13232E+01	 4.07464E+01	 5.29981E+01	 4.97312E+01	 4.53657E+01	 3.66161E+01	 3.14828E+01	 4.05662E+01	 3.14859E+01	 5.02708E+01	 8.48712E+01	 7.54817E+01	 3.88465E+01	 4.56324E+01	 1.37511E+02	 1.67138E+02	 7.82612E+01	 1.86936E+01	 1.98104E+00	 4.31437E+00	 5.46292E+00	 2.67749E+00	 3.41385E+00	 5.30304E+00	 6.36267E+00	 2.22221E+00	 2.63872E+00	 2.32956E+00	 3.52649E+00	 3.18433E+00	 2.11267E+00	 1.44951E+00	 2.39605E+00	 3.39204E+00	 2.27745E+00	 2.79210E+00	 4.87902E+00	 2.20523E+00	 3.20580E+00
 2.63207E+00	 2.28543E+00	 2.34507E+00	 3.96837E+00	 5.35799E+00	 2.25000E+00	 2.65516E+00	 3.36099E+00	 4.21908E+00	 1.97471E+00	 2.50000E+00	 7.07231E+00	 1.45922E+01	 8.94834E+00	 3.62788E+00	 3.55222E+00	 3.69442E+00	 1.00064E+01	 5.71501E+00	 2.62024E+00	 2.00576E+00	 2.71556E+00	 1.43197E+01	 3.16655E+01	 3.46564E+01	 3.26743E+01	 4.04834E+01	 4.90466E+01	 5.20328E+01	 6.20966E+01	 5.73024E+01	 6.35381E+01	 1.06807E+02	 1.22269E+02	 7.73667E+01	 2.94122E+01	 6.05847E+01	 1.66607E+02	 9.30370E+01	 1.75460E+01	 3.70055E+00	 1.72472E+00	 2.92435E+00	 3.13514E+00	 4.66008E+00	 7.27081E+00	 9.48960E+00	 4.66147E+00	 3.75000E+00	 5.66654E+00	 2.40516E+00	 1.36987E+00	 1.62024E+00	 2.48988E+00	 3.42277E+00	 2.90697E+00	 1.70674E+00	 2.89733E+00	 1.88987E+00	 3.32677E+00	 2.35147E+00
 2.72530E+00	 2.90725E+00	 2.54331E+00	 1.93839E+00	 3.69118E+00	 1.50000E+00	 3.96156E+00	 2.02530E+00	 3.84554E+00	 3.94741E+00	 2.37874E+00	 3.97250E+00	 2.71710E+00	 3.99856E+00	 2.73103E+00	 1.53789E+00	 3.52529E+00	 3.17532E+00	 2.19436E+00	 1.75000E+00	 2.41320E+00	 9.72181E-01	 1.48103E+00	 3.84829E+00	 1.16942E+01	 1.04808E+01	 5.26760E+00	 1.09122E+01	 2.15095E+01	 3.83465E+01	 3.13903E+01	 3.54861E+01	 5.59339E+01	 5.83715E+01	 8.42612E+01	 3.74050E+01	 3.18960E+01	 6.29099E+01	 3.51567E+01	 1.12568E+01	 4.12845E+00	 4.91385E+00	 4.13202E+00	 4.28401E+00	 7.58662E+00	 6.64227E+00	 5.37941E+00	 3.91571E+00	 4.77745E+00	 1.87022E+00	 2.25000E+00	 3.39796E+00	 1.75369E+00	 2.93511E+00	 3.70058E+00	 2.45368E+00	 3.19436E+00	 1.83506E+00	 8.40479E-01	 1.22530E+00	 1.22091E+00
 3.25000E+00	 3.24382E+00	 2.59712E+00	 2.59792E+00	 2.07677E+00	 4.20058E+00	 2.25000E+00	 3.02193E+00	 2.15516E+00	 1.58826E+00	 1.13572E+00	 2.41478E+00	 1.44521E+00	 2.20677E+00	 4.12587E+00	 3.10295E+00	 4.89809E+00	 2.45198E+00	 3.37059E+00	 7.53754E+00	 4.12323E+00	 1.00095E+01	 9.94598E+00	 3.52471E+00	 2.97221E+00	 3.09712E+00	 2.50875E+00	 1.73735E+00	 2.81451E+00	 1.97652E+00	 3.22792E+00	 3.06862E+00	 4.23534E+00	 3.78521E+00	 7.14377E+00	 1.06513E+01	 1.31685E+01	 1.33279E+01	 7.92312E+00	 3.28793E+00	 3.50000E+00	 3.85522E+00	 3.40288E+00	 5.40784E+00	 7.57413E+00	 5.39705E+00	 7.37941E+00	 5.29765E+00	 3.12635E+00	 2.23146E+00	 1.71526E+00	 2.57640E+00	 2.95312E+00	 3.16960E+00	 3.01936E+00	 5.15718E+00	 3.14889E+00	 4.00000E+00	 2.03794E+00	 2.26557E+00	 1.86987E+00
 6.14138E+00	 6.20590E+00	 3.09542E+00	 2.46294E+00	 2.25000E+00	 2.50519E+00	 1.87022E+00	 1.52028E+00	 1.95979E+00	 2.53708E+00	 2.61764E+00	 4.26654E+00	 5.19501E+00	 1.93267E+00	 3.27746E+00	 3.86542E+00	 8.28893E+00	 4.03334E+00	 1.13924E+01	 4.22432E+01	 1.53900E+01	 3.47521E+01	 4.64619E+01	 1.14155E+01	 2.46911E+00	 1.52212E+00	 1.21599E+00	 1.69439E+00	 4.01364E+00	 2.75000E+00	 4.17578E+00	 2.82698E+00	 2.50000E+00	 3.20774E+00	 3.25000E+00	 2.38038E+00	 2.69118E+00	 1.73765E+00	 1.76898E+00	 2.75000E+00	 2.05428E+00	 2.16352E+00	 3.80687E+00	 5.19951E+00	 1.45528E+01	 1.15816E+01	 7.27954E+00	 7.49014E+00	 7.80296E+00	 3.75000E+00	 2.52909E+00	 2.52530E+00	 3.16602E+00	 2.56445E+00	 2.84859E+00	 2.12938E+00	 8.80383E-01	 7.06772E-01	 2.98147E+00	 1.93186E+00	 2.23146E+00
 4.71324E+01	 1.05248E+01	 3.88872E+00	 2.67578E+00	 3.05564E+00	 2.72218E+00	 1.91654E+00	 2.32693E+00	 2.94941E+00	 2.75000E+00	 2.20944E+00	 1.97117E+01	 4.44427E+01	 2.77503E+01	 1.34290E+01	 2.89857E+01	 3.08372E+01	 1.72609E+01	 7.32800E+00	 8.45614E+00	 3.38826E+00	 2.03566E+01	 3.63714E+01	 1.48894E+01	 3.85302E+00	 4.00000E+00	 1.75000E+00	 2.04478E+00	 2.96295E+00	 4.91617E+00	 1.29742E+00	 3.17678E+00	 1.25000E+00	 2.25000E+00	 2.73735E+00	 2.69439E+00	 3.35170E+00	 3.51265E+00	 2.84926E+00	 4.50000E+00	 3.83610E+00	 2.74753E+00	 2.97026E+00	 1.75000E+00	 1.41285E+01	 1.15214E+01	 5.25000E+00	 8.88987E+00	 7.35984E+00	 6.06650E+00	 1.68700E+00	 2.56473E+00	 3.30428E+00	 1.45366E+00	 3.70774E+00	 2.61326E+00	 3.17578E+00	 2.50231E+00	 1.50245E+00	 1.41338E+00	 2.56437E+00
 5.23514E+01	 1.52007E+01	 5.13897E+00	 3.81692E+00	 2.47272E+00	 3.05304E+00	 2.16662E+00	 1.55059E+00	 2.42514E+00	 9.69123E-01	 5.54210E+00	 1.96408E+01	 5.92961E+01	 7.11167E+01	 7.07538E+01	 8.73642E+01	 7.92727E+01	 7.12596E+01	 2.43381E+01	 5.18497E+00	 2.74051E+00	 1.70055E+00	 3.41631E+00	 5.37193E+00	 1.15676E+01	 7.35664E+00	 3.47155E+00	 4.56739E-01	 1.96599E+00	 1.79428E+00	 3.25633E+00	 4.98735E+00	 3.25633E+00	 2.46599E+00	 2.69313E+00	 1.73455E+00	 3.42121E+00	 1.46526E+00	 3.30196E+00	 2.43378E+00	 2.49367E+00	 2.47218E+00	 2.98765E+00	 2.21912E+00	 3.30042E+00	 1.51760E+00	 2.56692E+00	 5.99902E+00	 7.15343E+00	 2.44951E+00	 3.07101E+00	 1.89185E+00	 3.00230E+00	 3.61099E+00	 3.18484E+00	 4.25000E+00	 3.88877E+00	 2.66807E+00	 4.23735E+00	 4.25000E+00	 3.21051E+00
 6.34274E+01	 1.94824E+01	 2.68823E+00	 5.03955E+00	 1.57521E+01	 1.14408E+01	 3.58156E+00	 2.96294E+00	 2.09926E+00	 3.34926E+00	 7.43350E+00	 3.20575E+01	 5.39201E+01	 6.08194E+01	 7.33667E+01	 1.06512E+02	 9.11048E+01	 6.02667E+01	 1.71385E+01	 6.44389E+00	 1.36395E+00	 7.50000E-01	 3.27944E+00	 4.80885E+00	 1.91008E+01	 9.68596E+00	 2.49015E+00	 3.38199E+00	 2.42514E+00	 2.34969E+00	 2.90110E+00	 3.17578E+00	 2.79524E+00	 2.03334E+00	 3.02746E+00	 1.40516E+00	 2.19321E+00	 2.21289E+00	 1.97745E+00	 2.35170E+00	 2.82360E+00	 2.61542E+00	 2.07185E+00	 6.32017E-01	 2.84186E+00	 2.60156E+00	 2.90731E+00	 3.46206E+00	 2.75000E+00	 2.72534E+00	 4.38572E+00	 3.88075E+00	 3.77529E+00	 2.68003E+00	 3.00000E+00	 4.25000E+00	 8.10773E+00	 7.60773E+00	 5.54751E+00	 8.35773E+00	 1.01817E+01
 1.03434E+02	 2.96905E+01	 4.00000E+00	 7.32640E+00	 2.55383E+01	 2.06240E+01	 4.17253E+00	 3.71292E+00	 3.17414E+00	 2.25000E+00	 2.25000E+00	 1.66513E+01	 3.73824E+01	 3.29743E+01	 4.16548E+01	 8.89453E+01	 6.88531E+01	 2.08312E+01	 4.30387E+00	 4.00779E+00	 4.17514E+00	 3.19439E+00	 3.67585E+00	 2.15733E+00	 2.19130E+00	 3.66478E+00	 8.92036E-01	 1.70366E+00	 3.69286E+00	 4.48810E+00	 3.09829E+00	 2.65110E+00	 2.61994E+00	 2.59216E+00	 2.80387E+00	 5.01151E+00	 6.43596E+00	 3.76927E+00	 4.07858E+00	 2.80714E+00	 2.46658E+00	 4.31183E+00	 3.43515E+00	 2.93515E+00	 5.63038E+00	 5.43096E+00	 3.99435E+00	 2.14478E+00	 2.37638E+00	 3.20265E+00	 3.70060E+00	 5.12158E+00	 3.72919E+00	 4.96294E+00	 4.05882E+00	 6.10550E+00	 7.52301E+00	 6.33826E+00	 7.09048E+00	 8.97250E+00	 1.13197E+01
 6.87955E+01	 2.06564E+01	 2.87615E+00	 3.90385E+00	 9.13105E+00	 6.80387E+00	 2.38867E+00	 2.00308E+00	 2.47155E+00	 3.47155E+00	 2.86078E+00	 9.15811E+00	 1.83508E+01	 1.16990E+01	 5.87382E+00	 1.32848E+01	 1.27505E+01	 9.73967E+00	 1.64155E+01	 2.08603E+01	 9.74680E+00	 3.95250E+00	 1.92980E+00	 2.85156E+00	 3.61542E+00	 4.77243E+00	 3.66381E+00	 2.86952E+00	 1.35786E+01	 2.75429E+01	 1.19191E+01	 3.19442E+00	 3.48534E+00	 6.05516E+00	 8.25369E+00	 1.26357E+01	 1.91400E+01	 2.38603E+01	 1.63488E+01	 6.56423E+00	 3.94038E+00	 2.36090E+00	 3.68350E+00	 5.50308E+00	 1.20620E+01	 2.20345E+01	 1.48204E+01	 3.58262E+00	 3.07677E+00	 2.71556E+00	 3.39185E+00	 2.38872E+00	 2.00000E+00	 1.72972E+00	 2.05042E+00	 3.72919E+00	 3.71658E+00	 7.00000E+00	 1.21137E+01	 1.87518E+01	 2.30021E+01
 2.31936E+01	 5.41906E+00	 2.03955E+00	 2.64239E+00	 2.23103E+00	 3.25000E+00	 2.21295E+00	 2.06084E+00	 1.46289E+00	 2.71289E+00	 3.70294E+00	 2.62847E+00	 3.85981E+00	 4.67323E+00	 8.46724E+00	 8.40442E+00	 3.24787E+00	 6.08965E+00	 2.18063E+01	 3.36075E+01	 2.74040E+01	 1.99633E+01	 1.02176E+01	 5.20959E+00	 4.78308E+00	 5.23083E+00	 5.05516E+00	 4.38572E+00	 5.65601E+00	 5.94501E+00	 2.99119E+00	 3.27944E+00	 1.36112E+01	 2.94300E+01	 3.50388E+01	 3.86866E+01	 4.45694E+01	 5.41472E+01	 5.18810E+01	 2.40827E+01	 6.58796E+00	 2.67570E+00	 2.51898E+00	 7.48586E+00	 2.89670E+01	 6.98972E+01	 4.38824E+01	 9.66849E+00	 1.71295E+00	 3.30491E+00	 2.86099E+00	 2.45668E+00	 1.50000E+00	 1.56192E+00	 1.22218E+00	 1.00000E+00	 5.91205E+00	 1.75221E+01	 2.21425E+01	 2.10723E+01	 1.74932E+01
 4.13347E+01	 1.24929E+01	 4.36994E+00	 1.99578E+00	 1.57770E+00	 1.59458E+00	 1.69313E+00	 4.12323E+00	 4.25901E+00	 3.31667E+00	 3.47745E+00	 3.31814E+00	 3.80870E+00	 1.05595E+01	 1.54412E+01	 1.29533E+01	 1.01823E+01	 1.59840E+01	 3.55636E+01	 4.74764E+01	 4.59262E+01	 3.73357E+01	 1.80773E+01	 6.30042E+00	 3.47919E+00	 5.29056E+00	 6.35855E+00	 5.44517E+00	 3.52336E+00	 3.31553E+00	 4.09507E+00	 1.00074E+01	 2.39939E+01	 2.65827E+01	 1.96925E+01	 2.33173E+01	 3.51881E+01	 3.48929E+01	 2.50735E+01	 1.61552E+01	 6.77974E+00	 2.47530E+00	 1.71912E+00	 3.72620E+00	 1.45881E+01	 2.80003E+01	 2.14168E+01	 7.63199E+00	 2.16008E+00	 1.94521E+00	 2.18378E+00	 2.18378E+00	 2.00779E+00	 1.71783E+00	 1.33285E+00	 2.65074E+00	 9.83110E+00	 2.05458E+01	 2.61232E+01	 2.68262E+01	 2.67795E+01
 4.42915E+01	 2.91745E+01	 1.04590E+01	 2.64185E+00	 4.39447E+00	 2.97620E+00	 2.87884E+00	 3.81437E+00	 2.70366E+00	 2.62634E+00	 3.25000E+00	 2.06814E+00	 2.18497E+00	 5.91472E+00	 8.97975E+00	 9.56503E+00	 6.56503E+00	 1.00988E+01	 3.16685E+01	 5.48834E+01	 6.27000E+01	 4.53476E+01	 1.59608E+01	 2.17875E+00	 1.88674E+00	 2.49074E+00	 3.95691E+00	 5.38105E+00	 4.01093E+00	 2.77303E+00	 3.23147E+00	 5.35539E+00	 6.60539E+00	 5.11267E+00	 3.77093E+00	 8.51212E+00	 2.08312E+01	 2.98714E+01	 2.98177E+01	 2.18492E+01	 1.03719E+01	 3.82640E+00	 2.14239E+00	 3.67858E+00	 3.46629E+00	 4.53521E+00	 3.82252E+00	 2.53346E+00	 1.97026E+00	 1.98147E+00	 1.48147E+00	 1.75000E+00	 2.12938E+00	 2.42585E+00	 2.37638E+00	 4.14788E+00	 1.42960E+01	 2.32800E+01	 2.44738E+01	 2.67243E+01	 2.90643E+01
 4.59715E+01	 2.50626E+01	 1.25667E+01	 1.98765E+00	 2.92414E+00	 3.73586E+00	 3.37638E+00	 3.90731E+00	 3.21710E+00	 3.66548E+00	 3.03474E+00	 1.69636E+00	 2.75827E+00	 3.08233E+00	 5.33040E+00	 6.00000E+00	 8.63038E+00	 1.51216E+01	 3.55383E+01	 3.70332E+01	 2.59192E+01	 1.65762E+01	 6.70258E+00	 4.68052E+00	 2.89578E+00	 1.29558E+00	 5.26927E+00	 1.40095E+01	 2.03239E+01	 1.45786E+01	 3.28334E+00	 2.73147E+00	 2.22026E+00	 2.18511E+00	 3.53900E+00	 1.47916E+01	 3.42433E+01	 4.13776E+01	 3.76310E+01	 2.71692E+01	 9.69501E+00	 2.04896E+00	 2.43511E+00	 3.35539E+00	 4.44423E+00	 2.94038E+00	 2.78795E+00	 2.81503E+00	 3.25000E+00	 2.23960E+00	 1.91525E+00	 1.59469E+00	 1.70366E+00	 3.20221E+00	 1.78120E+01	 2.44723E+01	 1.95104E+01	 2.74099E+01	 2.51288E+01	 1.75429E+01	 1.32024E+01
 2.31733E+01	 2.04041E+01	 1.28077E+01	 3.41631E+00	 1.92484E+00	 2.42414E+00	 1.75000E+00	 3.22221E+00	 2.27807E+00	 1.00000E+00	 3.18822E+00	 2.58849E+00	 2.58209E+00	 1.82354E+00	 3.42121E+00	 1.14885E+01	 1.47155E+01	 1.12193E+01	 9.62736E+00	 8.86542E+00	 8.77144E+00	 9.11191E+00	 3.71783E+00	 2.44597E+00	 2.44441E+00	 2.52944E+00	 8.24588E+00	 2.18770E+01	 2.70579E+01	 1.54939E+01	 2.06473E+00	 2.29524E+00	 2.47250E+00	 3.25000E+00	 3.34303E+00	 1.89824E+01	 4.74124E+01	 4.73357E+01	 3.18381E+01	 2.12929E+01	 5.33262E+00	 2.66548E+00	 2.20258E+00	 1.89613E+00	 1.51896E+00	 7.22206E-01	 1.36701E+00	 2.46211E+00	 1.32516E+00	 1.71292E+00	 3.11090E+00	 2.25127E+00	 3.05222E+00	 6.26093E+00	 5.01495E+01	 9.46606E+01	 6.85146E+01	 3.41950E+01	 2.27310E+01	 2.21156E+01	 3.15635E+01
 2.80387E+00	 4.35981E+00	 4.50000E+00	 2.16958E+00	 1.85999E+00	 3.90601E+00	 1.67583E+00	 2.06631E+00	 1.88202E+00	 2.63202E+00	 1.70366E+00	 2.56192E+00	 2.22471E+00	 2.55679E+00	 3.23735E+00	 3.45590E+00	 7.41958E+00	 8.15442E+00	 5.10156E+00	 3.44118E+00	 3.50000E+00	 3.87008E+00	 3.56451E+00	 2.20691E+00	 2.73810E+00	 3.18112E+00	 3.47745E+00	 4.94834E+00	 4.69239E+00	 3.43003E+00	 1.75000E+00	 5.06423E+00	 2.18235E+01	 3.90025E+01	 3.80466E+01	 5.71701E+01	 1.19258E+02	 1.34769E+02	 9.70006E+01	 5.79041E+01	 1.58900E+01	 2.15757E+00	 1.75000E+00	 2.58615E+00	 2.79056E+00	 4.00268E+00	 1.70058E+00	 9.38227E-01	 1.89809E+00	 3.33010E+00	 1.56515E+00	 1.37577E+00	 1.38872E+00	 7.40396E+00	 3.85004E+01	 8.76477E+01	 8.97953E+01	 4.46976E+01	 1.99882E+01	 2.47525E+01	 5.05001E+01
 9.01760E+00	 5.66525E+00	 2.64188E+00	 2.38857E+00	 2.65239E+00	 2.70674E+00	 2.97837E+00	 3.81451E+00	 3.86061E+00	 2.18815E+00	 2.75000E+00	 2.00000E+00	 2.30222E+00	 2.34206E+00	 2.65171E+00	 3.37269E+00	 6.36428E+00	 6.75000E+00	 5.46292E+00	 3.09303E+00	 2.71912E+00	 2.09879E+00	 2.03359E+00	 2.03276E+00	 3.67570E+00	 1.22564E+01	 2.35021E+01	 1.67845E+01	 8.18565E+00	 3.00644E+00	 3.00154E+00	 7.63500E+00	 5.21051E+01	 1.21914E+02	 1.59288E+02	 1.61089E+02	 1.79783E+02	 1.86773E+02	 1.53372E+02	 1.05100E+02	 2.00891E+01	 9.04424E-01	 1.95221E+00	 2.93823E+00	 1.84542E+00	 3.39188E+00	 1.75247E+00	 3.55532E+00	 2.73146E+00	 3.21289E+00	 4.07043E+00	 3.25000E+00	 3.43596E+00	 1.41066E+01	 5.28751E+01	 8.77501E+01	 6.06495E+01	 3.77883E+01	 2.60139E+01	 2.25219E+01	 2.99619E+01
 2.67521E+01	 6.72620E+00	 3.96912E+00	 2.01151E+00	 3.63877E+00	 6.52693E+00	 9.42570E+00	 2.49221E+00	 2.57583E+00	 2.77843E+00	 2.74051E+00	 2.94100E+00	 1.65725E+00	 2.38465E+00	 1.72528E+00	 3.11099E+00	 4.47221E+00	 1.96837E+00	 4.34712E+00	 3.55516E+00	 2.98147E+00	 2.70058E+00	 3.05281E+00	 1.39260E+01	 3.13274E+01	 2.45773E+01	 1.77615E+01	 1.59683E+01	 1.38255E+01	 1.79882E+01	 1.37433E+01	 9.64103E+00	 2.63476E+01	 8.71691E+01	 1.13423E+02	 1.04040E+02	 1.29586E+02	 1.63836E+02	 1.17463E+02	 7.50227E+01	 2.90812E+01	 8.84165E+00	 4.52921E+00	 3.00000E+00	 4.28854E+00	 4.08662E+00	 3.80222E+00	 2.63236E+00	 3.83826E+00	 3.33308E+00	 3.10238E+00	 3.08285E+00	 7.54185E+00	 2.56733E+01	 6.73082E+01	 6.78852E+01	 3.05563E+01	 2.63239E+01	 2.84810E+01	 4.19718E+01	 3.57215E+01
 7.62158E+00	 4.92561E+00	 2.35539E+00	 2.12615E+00	 1.61267E+00	 1.28197E+01	 3.35915E+01	 1.39089E+01	 3.98104E+00	 2.57017E+00	 2.77846E+00	 1.72715E+00	 4.30066E+00	 3.05516E+00	 5.09243E+00	 1.91654E+00	 2.52693E+00	 4.29428E+00	 5.00000E+00	 4.22652E+00	 2.88028E+00	 4.91942E+00	 1.30106E+01	 4.13697E+01	 6.78988E+01	 5.13027E+01	 2.24014E+01	 2.26515E+01	 1.89706E+01	 2.33420E+01	 2.58595E+01	 2.49366E+01	 2.20460E+01	 7.25000E+00	 1.22885E+01	 2.09265E+01	 3.63949E+01	 3.35850E+01	 2.67065E+01	 4.70352E+01	 3.59738E+01	 3.38370E+01	 1.63908E+01	 8.27453E+00	 2.88857E+00	 3.57903E+00	 4.56462E+00	 2.62645E+00	 2.83506E+00	 3.53346E+00	 4.78334E+00	 1.46381E+01	 5.07931E+01	 6.91142E+01	 5.87881E+01	 4.66548E+01	 1.95147E+01	 4.11052E+02	 1.58778E+03	 3.39515E+01	 3.00258E+01
 1.31285E+01	 3.09891E+01	 7.21156E+00	 3.98455E+00	 2.07640E+00	 8.58369E+00	 3.01807E+01	 4.29811E+01	 7.44130E+00	 3.49893E+00	 2.64447E+00	 3.84469E+00	 4.50370E+00	 4.68825E+00	 4.50000E+00	 5.67875E+00	 7.75127E+00	 7.16320E+00	 5.47142E+00	 1.29420E+00	 6.07017E+00	 1.61125E+01	 2.97310E+01	 3.31495E+01	 3.63059E+01	 2.86643E+01	 2.67236E+01	 3.10525E+01	 3.56765E+01	 5.66950E+01	 4.68767E+01	 3.39500E+01	 2.72795E+01	 6.25127E+00	 4.79021E+00	 4.42801E+00	 6.11486E+00	 8.26760E+00	 3.77243E+01	 7.40518E+01	 3.29307E+01	 4.97786E+01	 6.30809E+01	 2.07288E+01	 2.60981E+00	 1.80491E+00	 2.75268E+00	 2.71908E+00	 2.45312E+00	 4.73083E+00	 1.98732E+01	 5.65774E+01	 1.55063E+02	 1.18814E+02	 6.80766E+01	 5.56197E+01	 3.21633E+01	 1.76905E+01	 3.09067E+01	 4.05635E+01	 3.33718E+01
 3.80460E+01	 6.13548E+01	 1.68465E+01	 4.18497E+00	 3.97652E+00	 2.70386E+01	 5.89182E+01	 5.38310E+01	 2.72521E+01	 8.60395E+00	 3.95774E+00	 2.91942E+00	 3.58111E+00	 6.16548E+00	 1.91338E+00	 3.10267E+00	 3.68378E+00	 3.25000E+00	 3.45058E+00	 2.66079E+00	 4.09542E+00	 1.27120E+01	 2.74773E+01	 3.37595E+01	 2.71692E+01	 3.59034E+01	 4.11745E+01	 3.84834E+01	 3.35636E+01	 2.83391E+01	 4.42481E+01	 3.72119E+01	 2.19933E+01	 7.38199E+00	 1.32101E+00	 2.29967E+00	 2.10156E+00	 2.77303E+00	 6.76152E+00	 8.88192E+00	 2.69015E+01	 7.59362E+01	 1.09193E+02	 3.74464E+01	 2.51265E+00	 1.85395E+00	 1.70979E+00	 5.11372E+00	 6.13028E+00	 7.33951E+00	 2.21925E+01	 8.74432E+01	 1.04842E+02	 3.70976E+01	 2.36467E+01	 3.42149E+01	 1.37744E+01	 6.36994E+00	 1.38603E+01	 2.04084E+01	 2.19184E+01
 2.99295E+01	 4.34143E+01	 1.46800E+01	 1.80066E+00	 1.63434E+01	 5.16501E+01	 5.79967E+01	 6.40691E+01	 4.12476E+01	 1.34052E+01	 3.25000E+00	 2.76403E+00	 2.40110E+00	 1.73146E+00	 1.81423E+00	 3.68596E+00	 4.58956E+00	 3.66662E+00	 1.00000E+00	 2.64185E+00	 1.74074E+00	 1.32084E+01	 2.77536E+01	 3.08166E+01	 4.76762E+01	 3.41734E+01	 2.50578E+01	 1.79215E+01	 1.71618E+01	 2.82721E+01	 6.48082E+01	 3.35643E+01	 2.47117E+01	 1.17059E+01	 9.37158E+00	 3.26265E+00	 2.90731E+00	 3.30441E+00	 3.90296E+00	 3.00000E+00	 1.35406E+01	 4.52888E+01	 6.56183E+01	 3.66819E+01	 1.10313E+03	 2.25000E+00	 3.56653E+00	 4.67769E+00	 5.76760E+00	 2.20305E+00	 4.12024E+00	 1.89046E+01	 3.63143E+01	 1.45414E+01	 2.26926E+01	 3.11382E+01	 1.17901E+01	 2.22528E+00	 2.44286E+00	 6.34048E+00	 5.42484E+00
 2.29618E+01	 3.60619E+01	 1.74914E+01	 4.21963E+00	 2.65295E+01	 5.77777E+01	 6.29764E+01	 6.53993E+01	 4.26929E+01	 2.60140E+01	 1.31923E+01	 1.02531E+01	 3.75000E+00	 2.75690E+00	 4.85443E+00	 3.10147E+00	 2.07017E+00	 2.89643E+00	 3.88939E+00	 3.12008E+00	 3.57041E+00	 2.38897E+00	 5.16418E+00	 1.17640E+01	 2.68196E+01	 2.86557E+01	 3.05524E+01	 2.78718E+01	 3.17464E+01	 4.05691E+01	 4.99965E+01	 2.08025E+01	 1.54232E+01	 2.31772E+01	 5.80211E+01	 1.52108E+01	 1.44522E+01	 3.57299E+01	 1.99180E+01	 4.32348E+00	 2.99893E+00	 6.91418E+00	 1.59232E+01	 1.54577E+01	 2.46854E+00	 1.65725E+00	 2.19053E+00	 3.46295E+00	 3.80387E+00	 1.91960E+00	 9.40530E-01	 3.00000E+00	 7.17360E+00	 4.27348E+00	 2.89762E+00	 5.12030E+00	 3.71963E+00	 2.37956E+00	 3.27530E+00	 2.87731E+00	 3.13867E+00
 8.35664E+00	 1.84932E+01	 7.04518E+00	 2.76732E+01	 7.55765E+01	 4.83551E+01	 2.61862E+01	 1.82974E+01	 1.06918E+01	 7.66478E+00	 7.66228E+00	 4.74057E+00	 2.77974E+00	 2.15098E+00	 3.48025E+00	 2.51853E+00	 3.73765E+00	 3.81178E+00	 4.09890E+00	 2.30059E+00	 1.23765E+00	 2.95060E+00	 2.48765E+00	 8.62851E+00	 4.30003E+01	 6.86061E+01	 6.67496E+01	 5.26506E+01	 2.93775E+01	 1.58625E+01	 1.03416E+01	 8.53900E+00	 3.88105E+00	 6.20652E+00	 6.10139E+00	 3.01472E+00	 2.00842E+01	 6.95349E+01	 4.78851E+01	 7.03881E+00	 3.42312E+00	 1.77846E+00	 1.99074E+00	 2.40733E+00	 2.36987E+00	 2.46294E+00	 2.90731E+00	 1.60443E+00	 2.40279E+00	 2.15110E+00	 4.02807E+00	 2.91548E+00	 3.56394E+00	 2.17277E+00	 2.72528E+00	 3.18678E+00	 2.65518E+00	 1.94436E+00	 2.70058E+00	 5.00000E+00	 6.55428E+00
 1.69441E+00	 3.39809E+00	 3.25245E+00	 2.53332E+01	 4.28929E+01	 1.48619E+01	 3.71501E+00	 3.00000E+00	 2.16662E+00	 2.02734E+00	 1.97530E+00	 3.06445E+00	 2.77714E+00	 2.50827E+00	 2.40110E+00	 2.53276E+00	 3.71879E+00	 2.45674E+00	 2.01854E+00	 1.42412E+00	 2.58308E+00	 1.50000E+00	 4.00000E+00	 1.93894E+00	 1.78706E+01	 4.79759E+01	 4.30832E+01	 2.74738E+01	 9.43096E+00	 6.11267E+00	 1.60036E+01	 1.95244E+01	 9.20838E+00	 1.75000E+00	 1.90296E+00	 2.48960E+00	 4.32586E+00	 4.10072E+01	 5.46913E+01	 1.57974E+01	 3.06394E+00	 1.72218E+00	 2.13048E+00	 2.59048E+00	 2.98765E+00	 2.26472E+00	 2.38236E+00	 1.92585E+00	 2.21908E+00	 2.48102E+00	 2.13674E+00	 2.25000E+00	 2.00000E+00	 2.90531E+00	 1.79641E+00	 3.15718E+00	 2.42435E+00	 2.67588E+00	 2.85751E+00	 1.75194E+01	 7.83852E+01
 3.00000E+00	 1.71294E+00	 2.56653E+00	 3.33080E+00	 4.22218E+00	 3.25000E+00	 2.09507E+00	 2.09026E+00	 2.37024E+00	 2.55591E+00	 3.92801E+00	 2.58452E+00	 2.47529E+00	 1.46294E+00	 2.61090E+00	 1.78394E+00	 4.95368E+00	 4.45368E+00	 5.15735E+00	 1.22530E+00	 2.81077E+00	 2.08662E+00	 1.96526E+00	 1.95674E+00	 1.96156E+00	 1.09466E+01	 1.11066E+01	 4.45221E+00	 2.05042E+00	 3.25875E+00	 8.29518E+00	 1.07640E+01	 4.61267E+00	 2.96205E+00	 1.99382E+00	 2.41571E+00	 3.13881E+00	 8.80051E+00	 9.18096E+00	 1.40110E+00	 2.08040E+00	 3.24856E+00	 3.04056E+00	 6.94597E+00	 1.16103E+01	 2.26103E+01	 1.29779E+01	 2.64504E+00	 2.06631E+00	 2.17585E+00	 4.65731E+00	 1.88299E+00	 3.54477E+00	 2.80304E+00	 3.65735E+00	 2.57185E+00	 1.68825E+00	 2.61368E+00	 1.47218E+00	 1.37949E+01	 7.99546E+01
