//Exported ASCII-File
[Header]
FileName = C:\Users\reoml\Desktop\Mestrado\mapa raman\novas medidas\Medidas Raman - Rafael\Medidas Raman - Rafael\GO em substrato metalico (0.1 e 0.05) - Rafael.WIP
ImageName = Scan_000_Spec.Data 1_F: Min & Max -> Maximum [2825.1 rel. 1/cm -> 3004 rel. 1/cm]
PointsPerLine = 61
LinesPerImage = 61
ScanUnit = µm
ScanWidth = 30
ScanHeight = 30
ScanOriginX = 11.0629997253418
ScanOriginY = 1.60099995136261
ScanOriginZ = 0
DataUnit = CCD cts
[Data]
 1.61889E+01	 2.31594E+01	 1.54527E+01	 1.28645E+01	 1.57081E+01	 1.33823E+01	 1.55426E+01	 1.75389E+01	 1.98225E+01	 1.68457E+01	 1.53955E+01	 2.19246E+01	 1.76400E+01	 1.90626E+01	 2.06263E+01	 2.11247E+01	 1.42728E+01	 2.04689E+01	 1.61253E+01	 1.70908E+01	 1.33809E+01	 1.69417E+01	 1.83093E+01	 1.93408E+01	 1.81142E+01	 1.51668E+01	 1.70752E+01	 1.47008E+01	 1.85848E+01	 1.82500E+01	 1.84068E+01	 1.65183E+01	 2.06682E+01	 2.23425E+01	 2.21052E+01	 2.21235E+01	 2.23179E+01	 1.81217E+01	 1.79715E+01	 1.53062E+01	 2.25621E+01	 1.33710E+01	 1.87565E+01	 2.24455E+01	 1.78538E+01	 2.03568E+01	 1.92621E+01	 1.69772E+01	 1.38797E+01	 1.50000E+01	 1.75587E+01	 1.69595E+01	 1.74050E+01	 2.04264E+01	 1.85000E+01	 1.62067E+01	 1.64706E+01	 2.49759E+01	 2.28418E+01	 2.03813E+01	 1.64410E+01
 1.60482E+01	 1.96740E+01	 2.11846E+01	 2.60258E+01	 2.44084E+01	 2.28131E+01	 2.17200E+01	 1.81272E+01	 2.20213E+01	 2.10463E+01	 2.37627E+01	 2.00940E+01	 2.51884E+01	 2.48442E+01	 2.01258E+01	 1.64063E+01	 1.77683E+01	 1.86568E+01	 1.57428E+01	 1.37879E+01	 1.81048E+01	 1.53434E+01	 1.38137E+01	 1.44695E+01	 1.54720E+01	 1.62071E+01	 1.65094E+01	 1.56290E+01	 2.02773E+01	 1.64567E+01	 1.76363E+01	 1.65000E+01	 1.74057E+01	 1.75000E+01	 1.88414E+01	 2.60932E+01	 2.64065E+01	 1.95952E+01	 1.73144E+01	 1.83382E+01	 1.97586E+01	 1.77272E+01	 1.75116E+01	 1.63365E+01	 2.03936E+01	 2.22851E+01	 1.84410E+01	 2.09459E+01	 1.43391E+01	 1.75043E+01	 1.69090E+01	 1.76200E+01	 1.81947E+01	 2.07119E+01	 2.02727E+01	 1.40723E+01	 1.23476E+01	 1.16573E+01	 1.52200E+01	 1.82565E+01	 1.49778E+01
 1.88442E+01	 1.41817E+01	 2.05977E+01	 2.14787E+01	 1.95877E+01	 2.06273E+01	 1.74581E+01	 1.96452E+01	 2.47271E+01	 1.74190E+01	 1.56321E+01	 1.76145E+01	 1.50151E+01	 1.70546E+01	 1.57376E+01	 1.32067E+01	 1.39068E+01	 1.29928E+01	 1.56321E+01	 1.11136E+01	 1.46738E+01	 1.70043E+01	 2.00138E+01	 1.67272E+01	 1.55081E+01	 1.83348E+01	 1.79310E+01	 1.81415E+01	 1.79131E+01	 1.79310E+01	 1.37500E+01	 1.47421E+01	 1.38753E+01	 1.49999E+01	 2.06781E+01	 2.13043E+01	 2.45540E+01	 2.03633E+01	 1.43635E+01	 1.70304E+01	 2.05005E+01	 1.95908E+01	 1.49278E+01	 1.69631E+01	 1.91889E+01	 2.32163E+01	 1.61145E+01	 1.78962E+01	 1.43136E+01	 1.36573E+01	 1.43563E+01	 1.18758E+01	 1.22968E+01	 1.51474E+01	 1.66774E+01	 1.26175E+01	 1.64073E+01	 1.66717E+01	 1.84687E+01	 1.90683E+01	 1.81462E+01
 1.78753E+01	 1.58858E+01	 1.60792E+01	 2.12271E+01	 1.68023E+01	 1.87468E+01	 1.58900E+01	 1.16339E+01	 1.23634E+01	 1.47101E+01	 1.42316E+01	 1.68408E+01	 1.19939E+01	 1.35942E+01	 1.37499E+01	 1.71369E+01	 1.34514E+01	 1.53131E+01	 1.87407E+01	 1.25593E+01	 1.32644E+01	 1.47183E+01	 1.66717E+01	 1.66674E+01	 1.25065E+01	 1.37954E+01	 1.21363E+01	 1.52211E+01	 1.53603E+01	 1.76563E+01	 1.44523E+01	 1.98863E+01	 1.83636E+01	 1.54195E+01	 1.84367E+01	 2.02741E+01	 2.38649E+01	 1.68107E+01	 1.75000E+01	 1.32500E+01	 1.73685E+01	 1.35039E+01	 1.83941E+01	 1.76154E+01	 1.43136E+01	 1.87930E+01	 1.85896E+01	 1.55587E+01	 1.19944E+01	 1.56415E+01	 2.12505E+01	 1.68925E+01	 1.28381E+01	 1.51358E+01	 1.70000E+01	 1.91258E+01	 1.63686E+01	 1.70065E+01	 1.70932E+01	 2.02167E+01	 2.03747E+01
 1.68432E+01	 1.42221E+01	 1.50226E+01	 1.67726E+01	 1.94715E+01	 1.82841E+01	 1.53409E+01	 1.31816E+01	 1.62505E+01	 1.45226E+01	 1.42597E+01	 1.40000E+01	 1.52500E+01	 1.66818E+01	 1.70000E+01	 1.77543E+01	 1.54063E+01	 1.64907E+01	 1.79762E+01	 1.71159E+01	 1.35428E+01	 1.26161E+01	 1.48897E+01	 1.72666E+01	 1.93637E+01	 1.87651E+01	 1.78391E+01	 1.84217E+01	 1.43686E+01	 1.63863E+01	 1.70805E+01	 1.56619E+01	 1.61691E+01	 1.48492E+01	 1.75608E+01	 2.06922E+01	 1.83455E+01	 1.41906E+01	 1.57444E+01	 1.54063E+01	 1.37196E+01	 1.65000E+01	 1.81691E+01	 2.27271E+01	 2.04710E+01	 1.66930E+01	 1.81695E+01	 1.53226E+01	 1.58215E+01	 1.82595E+01	 1.93892E+01	 1.79097E+01	 1.83182E+01	 1.70183E+01	 1.77684E+01	 1.92954E+01	 1.85496E+01	 2.02322E+01	 1.86136E+01	 2.03437E+01	 1.56253E+01
 1.32497E+01	 1.25178E+01	 1.28673E+01	 1.67679E+01	 1.57470E+01	 1.54761E+01	 1.68061E+01	 1.48713E+01	 1.41371E+01	 1.53962E+01	 1.85891E+01	 2.05731E+01	 1.68862E+01	 1.61817E+01	 1.62400E+01	 1.31175E+01	 1.43024E+01	 1.44842E+01	 1.17500E+01	 1.51628E+01	 1.42500E+01	 1.51591E+01	 1.88182E+01	 1.88182E+01	 1.58747E+01	 1.40608E+01	 1.60454E+01	 2.04978E+01	 1.77248E+01	 1.93575E+01	 1.60932E+01	 1.69515E+01	 1.42562E+01	 1.49318E+01	 2.02500E+01	 2.43237E+01	 1.84711E+01	 1.88452E+01	 1.72521E+01	 1.77200E+01	 1.78830E+01	 1.49238E+01	 1.70022E+01	 1.51363E+01	 1.84695E+01	 1.90359E+01	 1.84877E+01	 1.75621E+01	 1.56591E+01	 1.73237E+01	 1.44317E+01	 1.58941E+01	 1.80000E+01	 2.07262E+01	 1.77821E+01	 1.46619E+01	 1.76568E+01	 1.43952E+01	 1.42986E+01	 1.26247E+01	 1.32419E+01
 1.16371E+01	 1.27849E+01	 1.54772E+01	 1.86589E+01	 1.32985E+01	 1.72287E+01	 2.40366E+01	 2.08354E+01	 1.96746E+01	 1.81644E+01	 1.51358E+01	 1.42500E+01	 1.42539E+01	 1.62357E+01	 1.37501E+01	 1.23642E+01	 1.29119E+01	 1.79546E+01	 1.69318E+01	 1.24252E+01	 1.48993E+01	 1.47975E+01	 1.58637E+01	 1.50903E+01	 1.14696E+01	 1.42561E+01	 1.67623E+01	 1.64817E+01	 1.77262E+01	 1.90405E+01	 1.67500E+01	 2.24053E+01	 1.90921E+01	 1.67985E+01	 1.69618E+01	 1.67323E+01	 1.69540E+01	 1.78814E+01	 1.38980E+01	 1.28520E+01	 1.48420E+01	 1.36580E+01	 1.48409E+01	 1.41818E+01	 1.52195E+01	 1.70061E+01	 1.45977E+01	 1.53181E+01	 1.33250E+01	 1.47875E+01	 1.83326E+01	 1.59900E+01	 1.31242E+01	 1.79773E+01	 1.52084E+01	 1.27500E+01	 1.36230E+01	 1.57023E+01	 1.63095E+01	 1.70366E+01	 1.61828E+01
 1.71624E+01	 1.59201E+01	 1.98286E+01	 2.29447E+01	 1.41585E+01	 1.31546E+01	 2.06108E+01	 1.62577E+01	 1.60287E+01	 1.35127E+01	 1.19059E+01	 1.31253E+01	 1.58753E+01	 1.43969E+01	 1.81031E+01	 1.91508E+01	 1.76985E+01	 1.69523E+01	 1.72866E+01	 1.54035E+01	 1.28659E+01	 1.05061E+01	 1.09698E+01	 1.52716E+01	 1.53969E+01	 1.80043E+01	 1.61135E+01	 1.58685E+01	 1.48415E+01	 1.40915E+01	 1.55367E+01	 1.69035E+01	 2.00039E+01	 1.84485E+01	 1.31358E+01	 1.35532E+01	 1.20116E+01	 9.35422E+00	 1.25068E+01	 1.41940E+01	 1.25000E+01	 1.25872E+01	 1.53126E+01	 1.53121E+01	 2.03839E+01	 2.27422E+01	 1.57422E+01	 1.56272E+01	 1.90735E+01	 1.48969E+01	 1.56159E+01	 1.68048E+01	 1.74606E+01	 1.58071E+01	 1.34800E+01	 1.47461E+01	 1.64784E+01	 1.70597E+01	 1.62265E+01	 1.79448E+01	 2.25241E+01
 1.49082E+01	 1.53520E+01	 1.73691E+01	 1.88624E+01	 1.87666E+01	 1.70731E+01	 1.63631E+01	 1.45793E+01	 1.46369E+01	 1.45562E+01	 1.41508E+01	 1.37062E+01	 1.21663E+01	 1.26713E+01	 1.31746E+01	 1.37200E+01	 1.49695E+01	 1.74562E+01	 1.77616E+01	 1.68093E+01	 1.36363E+01	 1.25382E+01	 1.26535E+01	 1.10000E+01	 1.26007E+01	 1.55869E+01	 1.23292E+01	 1.12291E+01	 1.27677E+01	 1.57044E+01	 1.45757E+01	 1.38305E+01	 1.24174E+01	 1.37262E+01	 1.28819E+01	 1.22644E+01	 1.38391E+01	 1.80554E+01	 1.55515E+01	 1.36729E+01	 1.80682E+01	 1.66031E+01	 1.30039E+01	 1.51147E+01	 1.68248E+01	 2.23352E+01	 1.93352E+01	 1.48570E+01	 1.54485E+01	 1.55515E+01	 1.82976E+01	 1.42262E+01	 1.17866E+01	 1.40537E+01	 1.43632E+01	 1.55260E+01	 1.54784E+01	 1.64203E+01	 1.75876E+01	 1.91585E+01	 1.75947E+01
 1.40405E+01	 1.45820E+01	 1.47284E+01	 1.39340E+01	 1.85043E+01	 1.45121E+01	 1.58250E+01	 1.93854E+01	 2.10396E+01	 1.76354E+01	 1.78854E+01	 1.32922E+01	 1.40422E+01	 1.08819E+01	 9.88191E+00	 1.15081E+01	 1.37565E+01	 1.73603E+01	 2.22498E+01	 1.54085E+01	 1.58292E+01	 1.81462E+01	 1.59689E+01	 1.80916E+01	 1.63461E+01	 2.28290E+01	 1.56097E+01	 1.54207E+01	 1.11333E+01	 1.21191E+01	 1.36469E+01	 1.27128E+01	 1.11312E+01	 1.50942E+01	 1.37284E+01	 1.86508E+01	 1.48072E+01	 1.14260E+01	 1.53531E+01	 1.67134E+01	 1.73465E+01	 1.74738E+01	 1.77866E+01	 1.51760E+01	 1.40210E+01	 1.91595E+01	 1.48996E+01	 1.23110E+01	 1.28612E+01	 1.23819E+01	 1.27977E+01	 1.47562E+01	 1.41737E+01	 1.37595E+01	 1.81948E+01	 1.62028E+01	 1.98032E+01	 2.01149E+01	 2.10940E+01	 2.07694E+01	 1.63520E+01
 2.28829E+02	 4.81250E+02	 1.56146E+01	 1.57677E+01	 1.35039E+01	 1.58996E+01	 1.42572E+01	 1.21691E+01	 1.23685E+01	 1.42943E+01	 1.63170E+01	 1.38452E+01	 1.51573E+01	 1.38763E+01	 1.37382E+01	 1.39264E+01	 1.88741E+01	 2.16867E+01	 1.87389E+01	 1.73374E+01	 1.42461E+01	 1.44784E+01	 1.36851E+01	 1.40315E+01	 1.25304E+01	 1.24262E+01	 1.15138E+01	 1.53415E+01	 1.31585E+01	 1.55039E+01	 1.58009E+01	 1.29346E+01	 1.82024E+01	 1.45222E+01	 1.56707E+01	 1.42023E+01	 1.33897E+01	 1.24567E+01	 1.33780E+01	 1.35081E+01	 1.60953E+01	 1.21846E+01	 1.44257E+01	 1.26668E+01	 1.51074E+01	 1.55597E+01	 1.34606E+01	 1.49762E+01	 1.31743E+01	 1.25571E+01	 1.64024E+01	 1.49229E+01	 1.51985E+01	 1.99008E+01	 1.80116E+01	 1.36701E+01	 1.69744E+01	 1.60947E+01	 1.60955E+01	 2.23492E+01	 1.99856E+01
 1.25065E+01	 1.22084E+01	 1.32816E+01	 1.23131E+01	 1.05473E+01	 1.01716E+01	 1.00454E+01	 1.67284E+01	 1.57357E+01	 1.73758E+01	 1.43258E+01	 1.41452E+01	 1.80226E+01	 1.46966E+01	 1.38121E+01	 1.49370E+01	 1.72768E+01	 2.12261E+01	 2.11801E+01	 1.92200E+01	 1.81535E+01	 1.45706E+01	 1.54392E+01	 1.53336E+01	 1.31716E+01	 1.07027E+01	 1.13597E+01	 9.13633E+00	 1.31358E+01	 1.70016E+01	 1.50298E+01	 1.55000E+01	 1.33863E+01	 1.45000E+01	 1.29191E+01	 1.46874E+01	 1.58131E+01	 1.38779E+01	 1.44639E+01	 1.64620E+01	 1.47548E+01	 1.77678E+01	 1.45291E+01	 1.41064E+01	 1.87067E+01	 1.72284E+01	 1.70869E+01	 1.33054E+01	 1.49218E+01	 1.18518E+01	 1.35000E+01	 1.33465E+01	 1.47500E+01	 1.52500E+01	 1.35317E+01	 1.45321E+01	 1.47189E+01	 1.58492E+01	 1.45159E+01	 1.68480E+01	 2.14460E+01
 1.78581E+01	 1.76333E+01	 1.49527E+01	 1.17816E+01	 1.38758E+01	 1.59217E+01	 1.37067E+01	 1.42581E+01	 1.40528E+01	 9.92182E+00	 1.23999E+01	 1.48871E+01	 1.28871E+01	 1.66568E+01	 1.86690E+01	 1.60549E+01	 1.61501E+01	 1.75964E+01	 1.76462E+01	 1.96890E+01	 1.51496E+01	 1.91323E+01	 1.62505E+01	 1.53126E+01	 1.43814E+01	 1.37516E+01	 1.14286E+01	 1.22131E+01	 1.29645E+01	 1.15000E+01	 1.31103E+01	 1.39429E+01	 1.58381E+01	 1.59485E+01	 1.72500E+01	 1.79260E+01	 1.59410E+01	 1.49389E+01	 1.91884E+02	 4.65236E+02	 1.40354E+01	 1.47621E+01	 1.53087E+01	 1.07192E+01	 1.42193E+01	 1.68962E+01	 1.26695E+01	 1.57435E+01	 1.91991E+01	 1.60000E+01	 1.23999E+01	 1.32722E+01	 1.15958E+01	 1.02500E+01	 1.28108E+01	 1.46152E+01	 1.38848E+01	 1.44606E+01	 1.27120E+01	 1.62694E+01	 1.70409E+01
 1.47104E+01	 1.25891E+01	 1.48855E+01	 1.11073E+01	 1.13263E+01	 1.52195E+01	 1.35301E+01	 1.05775E+01	 1.33758E+01	 1.40915E+01	 1.35194E+01	 1.56241E+01	 1.31400E+01	 1.30116E+01	 1.91400E+01	 1.83900E+01	 1.55937E+01	 1.65015E+01	 1.55669E+01	 1.45127E+01	 1.65731E+01	 1.72539E+01	 1.60000E+01	 1.45377E+01	 1.43408E+01	 1.58415E+01	 1.68054E+01	 2.10632E+01	 1.87500E+01	 1.59791E+01	 1.57377E+01	 1.71973E+01	 1.77334E+01	 1.81607E+01	 2.06639E+01	 2.41387E+01	 1.95387E+01	 2.10121E+01	 1.70532E+01	 1.51280E+01	 1.67062E+01	 1.50129E+01	 1.58015E+01	 1.61170E+01	 1.82565E+01	 1.60820E+01	 1.64556E+01	 1.42770E+01	 1.45891E+01	 1.84195E+01	 1.77428E+01	 1.61392E+01	 1.54272E+01	 1.57500E+01	 1.35000E+01	 1.42270E+01	 1.72500E+01	 1.35433E+01	 1.20867E+01	 1.31354E+01	 1.41587E+01
 1.53048E+01	 1.46453E+01	 1.60166E+01	 1.64816E+01	 1.39999E+01	 1.35532E+01	 1.10473E+01	 1.26429E+01	 1.26966E+01	 1.26214E+01	 1.72291E+01	 1.51219E+01	 1.89583E+01	 1.31840E+01	 1.42421E+01	 1.54429E+01	 1.56985E+01	 1.75869E+01	 1.36242E+01	 1.58538E+01	 1.73454E+01	 1.37977E+01	 1.68841E+01	 1.54473E+01	 1.65100E+01	 1.59381E+01	 1.73391E+01	 1.77423E+01	 1.90000E+01	 2.23062E+01	 1.87106E+01	 1.65519E+01	 1.85771E+01	 1.50737E+01	 1.84791E+01	 2.55271E+01	 2.27120E+01	 2.43802E+01	 1.41409E+01	 1.50127E+01	 1.22539E+01	 1.63237E+01	 2.03659E+01	 1.86339E+01	 1.68548E+01	 1.97522E+01	 2.18382E+01	 1.84485E+01	 1.44739E+01	 1.79606E+01	 1.89552E+01	 1.47146E+01	 1.44045E+01	 1.27541E+01	 1.41348E+01	 1.31769E+01	 1.76831E+01	 1.76038E+01	 2.07217E+01	 1.80909E+01	 1.63538E+01
 1.68833E+01	 1.80728E+01	 2.25932E+01	 1.15422E+01	 1.41295E+01	 1.31857E+01	 1.53784E+01	 1.70731E+01	 1.58396E+01	 1.59001E+01	 1.34238E+01	 1.40554E+01	 1.63396E+01	 1.64983E+01	 2.04601E+01	 1.28410E+01	 1.73499E+01	 1.70381E+01	 1.80942E+01	 1.29119E+01	 1.64813E+01	 1.32916E+01	 1.67500E+01	 2.07677E+01	 1.75438E+01	 1.76604E+01	 1.90792E+01	 1.73126E+01	 2.09207E+01	 1.86884E+01	 1.98538E+01	 1.72948E+01	 2.11430E+01	 1.60021E+01	 1.44080E+01	 2.37736E+01	 3.26910E+01	 2.26645E+01	 1.86586E+01	 1.94229E+01	 1.76520E+01	 2.16725E+01	 1.87500E+01	 1.94057E+01	 2.74877E+01	 1.81031E+01	 1.86938E+01	 1.79485E+01	 2.30560E+01	 1.78620E+01	 1.87500E+01	 1.63446E+01	 1.54269E+01	 1.86910E+01	 1.86818E+01	 1.45771E+01	 1.50184E+01	 1.55062E+01	 1.79557E+01	 2.11466E+01	 1.89323E+01
 1.58062E+01	 1.58659E+01	 1.68331E+01	 1.82045E+01	 1.92539E+01	 1.78612E+01	 1.65000E+01	 1.57683E+01	 2.05771E+01	 1.40000E+01	 1.63980E+01	 1.56462E+01	 1.66516E+01	 1.74859E+01	 2.16112E+01	 1.87785E+01	 2.19961E+01	 1.71846E+01	 1.70039E+01	 1.87170E+01	 1.40518E+01	 1.62356E+01	 2.12316E+01	 1.77379E+01	 1.88442E+01	 1.71695E+01	 1.96652E+01	 1.61013E+01	 1.86573E+01	 2.08292E+01	 1.57134E+01	 2.18382E+01	 1.77046E+01	 1.70375E+01	 1.75183E+01	 2.41355E+01	 2.70546E+01	 1.82505E+01	 1.98412E+01	 2.15750E+01	 2.14452E+01	 2.02400E+01	 1.66177E+01	 1.95737E+01	 1.81806E+01	 1.61210E+01	 1.84407E+01	 1.94857E+01	 1.66588E+01	 1.78661E+01	 1.93728E+01	 1.69896E+01	 1.73262E+01	 1.60859E+01	 1.62816E+01	 1.62799E+01	 1.91469E+01	 1.95428E+01	 2.02975E+01	 1.90000E+01	 3.40039E+01
 1.92822E+01	 1.82500E+01	 1.74407E+01	 1.91108E+01	 1.77178E+01	 1.79143E+01	 1.51142E+01	 1.50929E+01	 1.74073E+01	 1.63976E+01	 2.02804E+01	 1.72255E+01	 2.18414E+01	 2.01778E+01	 1.72690E+01	 1.55262E+01	 1.31242E+01	 1.45670E+01	 1.82342E+01	 1.65227E+01	 2.02866E+01	 1.80509E+01	 1.59195E+01	 1.90321E+01	 1.63518E+01	 1.71210E+01	 1.81429E+01	 1.47996E+01	 1.28747E+01	 1.66108E+01	 1.99817E+01	 1.81818E+01	 1.55633E+01	 1.44365E+01	 1.29551E+01	 1.66138E+01	 1.94274E+01	 1.49237E+01	 1.61185E+01	 1.66400E+01	 2.05548E+01	 1.99058E+01	 1.66221E+01	 1.95313E+01	 1.50428E+01	 1.68531E+01	 1.60621E+01	 1.84896E+01	 1.98900E+01	 1.65823E+01	 1.82933E+01	 1.50792E+01	 1.75361E+01	 1.78135E+01	 2.14092E+01	 2.05882E+01	 2.21646E+01	 2.05097E+01	 1.74548E+01	 1.92510E+01	 2.39979E+01
 1.32189E+01	 1.37300E+01	 1.62254E+01	 1.58677E+01	 1.53009E+01	 1.53612E+01	 1.42460E+01	 1.43681E+01	 1.46480E+01	 1.46191E+01	 1.61266E+01	 1.48292E+01	 1.76991E+01	 1.40439E+01	 1.51341E+01	 1.63974E+01	 1.72023E+01	 1.97262E+01	 1.47752E+01	 1.69440E+01	 1.75081E+01	 1.63320E+01	 1.61191E+01	 1.33982E+01	 1.52500E+01	 1.90000E+01	 1.43720E+01	 1.47500E+01	 1.68453E+01	 1.56112E+01	 1.59961E+01	 1.59622E+01	 1.53547E+01	 1.41364E+01	 1.60683E+01	 1.65550E+01	 1.63237E+01	 1.59618E+01	 1.74422E+01	 2.57746E+01	 3.18021E+01	 1.88742E+01	 2.09604E+01	 1.93243E+01	 1.98050E+01	 1.96869E+01	 2.13892E+01	 1.71388E+01	 1.44939E+01	 1.69706E+01	 2.20229E+01	 1.84544E+01	 1.94082E+01	 1.94892E+01	 1.90477E+01	 1.81575E+01	 1.47285E+01	 1.41708E+01	 2.21772E+01	 1.85276E+01	 1.44417E+01
 1.30839E+01	 1.06193E+01	 1.08557E+01	 1.14213E+01	 1.08408E+01	 1.62067E+01	 1.60187E+01	 1.37618E+01	 1.15562E+01	 1.63541E+01	 1.75022E+01	 1.31309E+01	 1.29711E+01	 1.51031E+01	 1.75737E+01	 1.51644E+01	 1.80738E+01	 1.87896E+01	 1.65621E+01	 1.44306E+01	 2.07854E+01	 1.70550E+01	 2.20000E+01	 1.72439E+01	 1.91907E+01	 1.72715E+01	 1.65394E+01	 1.90712E+01	 1.70000E+01	 1.87948E+01	 1.74729E+01	 1.97645E+01	 2.19241E+01	 1.96242E+01	 1.87912E+01	 1.96286E+01	 1.87505E+01	 1.79152E+01	 1.34047E+01	 1.58612E+01	 1.90479E+01	 2.05882E+01	 1.92317E+01	 1.48959E+01	 1.62607E+01	 1.93900E+01	 2.11226E+01	 1.79501E+01	 2.00209E+01	 2.18222E+01	 2.29263E+01	 2.04023E+01	 2.13993E+01	 1.80606E+01	 2.58221E+01	 2.49092E+01	 1.77356E+01	 1.85000E+01	 1.91677E+01	 2.22857E+01	 2.03427E+01
 1.57952E+01	 1.38612E+01	 1.07015E+01	 9.47110E+00	 1.22103E+01	 1.17140E+01	 1.43060E+01	 1.50000E+01	 1.55454E+01	 1.45039E+01	 1.27500E+01	 1.24274E+01	 1.82396E+01	 1.75072E+01	 1.86186E+01	 1.90032E+01	 1.58182E+01	 1.82728E+01	 1.66071E+01	 2.03629E+01	 1.69923E+01	 1.44961E+01	 1.85005E+01	 1.55285E+01	 1.61695E+01	 1.58927E+01	 1.33642E+01	 1.48409E+01	 1.45881E+01	 1.49020E+01	 1.57666E+01	 1.90000E+01	 1.62918E+01	 1.80621E+01	 1.55616E+01	 1.50454E+01	 1.30548E+01	 1.60144E+01	 1.56348E+01	 1.41726E+01	 1.84856E+01	 1.94856E+01	 1.80927E+01	 1.95000E+01	 1.55000E+01	 2.15937E+01	 1.68415E+01	 2.44900E+01	 1.73726E+01	 1.73661E+01	 1.67644E+01	 1.65792E+01	 1.66191E+01	 2.28237E+01	 2.93634E+01	 2.67715E+01	 2.65683E+01	 2.09063E+01	 2.09063E+01	 1.63758E+01	 1.71446E+01
 2.49118E+01	 2.19410E+01	 2.33382E+01	 2.07195E+01	 1.68925E+01	 1.77052E+01	 2.23635E+01	 1.76463E+01	 1.82040E+01	 1.81744E+01	 1.89091E+01	 2.36274E+01	 2.84724E+01	 1.93299E+01	 2.54407E+01	 2.30717E+01	 2.42849E+01	 1.88815E+01	 1.73454E+01	 1.98254E+01	 2.20377E+01	 2.16802E+01	 1.82140E+01	 1.75560E+01	 2.23830E+01	 2.09882E+01	 1.80731E+01	 1.75276E+01	 1.87452E+01	 2.34952E+01	 1.85129E+01	 1.81230E+01	 1.70448E+01	 2.15000E+01	 1.56492E+01	 1.89545E+01	 1.36619E+01	 1.55062E+01	 1.69618E+01	 1.81592E+01	 1.72672E+01	 1.86619E+01	 1.94407E+01	 1.75665E+01	 1.59063E+01	 1.68909E+01	 2.01364E+01	 1.86977E+01	 1.44544E+01	 1.71535E+01	 1.90805E+01	 1.95394E+01	 1.72800E+01	 1.76806E+01	 1.94058E+01	 1.95000E+01	 2.07684E+01	 1.41619E+01	 1.85276E+01	 1.66563E+01	 1.83194E+01
 1.67715E+01	 1.54024E+01	 1.81452E+01	 1.60039E+01	 2.00000E+01	 1.50000E+01	 1.45448E+01	 1.68693E+01	 2.14552E+01	 2.10144E+01	 2.07118E+01	 1.65635E+01	 2.12240E+01	 1.95977E+01	 2.09667E+01	 2.13927E+01	 1.88638E+01	 1.95715E+01	 1.99620E+01	 1.87794E+01	 1.73941E+01	 1.69578E+01	 2.06591E+01	 2.08927E+01	 1.92658E+01	 2.05000E+01	 3.12694E+01	 2.31573E+01	 2.00072E+01	 2.23770E+01	 2.18381E+01	 2.22854E+01	 2.57193E+01	 2.09085E+01	 1.83995E+01	 1.97501E+01	 1.93774E+01	 1.75677E+01	 2.26580E+01	 1.84595E+01	 1.72881E+01	 1.81791E+01	 1.94845E+01	 2.63888E+01	 2.60694E+01	 3.02672E+01	 2.35276E+01	 2.23670E+01	 1.62728E+01	 1.67728E+01	 1.56364E+01	 1.29109E+01	 1.88259E+01	 2.11680E+01	 1.99887E+01	 1.49679E+01	 1.26677E+01	 1.72728E+01	 1.69285E+01	 1.59092E+01	 1.94091E+01
 1.80299E+01	 1.77118E+01	 2.06026E+01	 1.85737E+01	 1.50820E+01	 1.67811E+01	 1.57317E+01	 1.60694E+01	 1.51917E+01	 1.58437E+01	 1.42285E+01	 1.62285E+01	 1.89939E+01	 1.74634E+01	 1.42805E+01	 1.63432E+01	 1.38814E+01	 1.40920E+01	 1.60460E+01	 1.61297E+01	 1.36103E+01	 1.47960E+01	 1.48659E+01	 1.57977E+01	 1.61493E+01	 1.72952E+01	 1.88642E+01	 1.33531E+01	 1.55311E+01	 6.87083E+02	 2.97729E+02	 1.92316E+01	 1.58974E+01	 1.77604E+01	 1.72880E+01	 1.45307E+01	 1.35039E+01	 1.60932E+01	 1.66567E+01	 1.80039E+01	 1.90177E+01	 1.49546E+01	 1.55455E+01	 1.87179E+01	 1.95100E+01	 2.04746E+01	 1.99623E+01	 1.81137E+01	 2.01644E+01	 1.48642E+01	 1.40100E+01	 1.65079E+01	 1.83974E+01	 1.73418E+01	 1.94896E+01	 1.78354E+01	 1.76152E+01	 1.33967E+01	 2.16210E+01	 1.88710E+01	 2.17539E+01
 2.25683E+01	 2.49546E+01	 1.82562E+01	 1.92167E+01	 1.48948E+01	 1.61604E+01	 2.08747E+01	 1.85455E+01	 1.80654E+01	 1.69047E+01	 1.78212E+01	 1.73620E+01	 1.65000E+01	 1.79552E+01	 1.27371E+01	 1.44478E+01	 1.45245E+01	 1.29729E+01	 1.27678E+01	 1.21680E+01	 1.35793E+01	 1.58728E+01	 1.58728E+01	 1.83050E+01	 1.75881E+01	 1.50039E+01	 1.46619E+01	 1.53526E+01	 2.13520E+01	 1.80660E+01	 1.78060E+01	 1.95920E+01	 1.65000E+01	 1.53243E+01	 1.43160E+01	 1.57273E+01	 1.66210E+01	 1.74995E+01	 1.65428E+01	 1.45805E+01	 1.36954E+01	 1.65909E+01	 1.75909E+01	 1.72140E+01	 1.18259E+01	 1.23305E+01	 1.57359E+01	 1.30197E+01	 1.35428E+01	 1.40311E+01	 1.23183E+01	 1.38355E+01	 1.38121E+01	 1.64146E+01	 1.45792E+01	 1.59667E+01	 1.41113E+01	 1.44696E+01	 1.30635E+01	 1.32222E+01	 1.54687E+01
 1.95783E+01	 1.99640E+01	 1.74063E+01	 1.74839E+01	 2.35660E+01	 1.81159E+01	 1.63815E+01	 1.48656E+01	 1.81242E+01	 1.50305E+01	 1.44479E+01	 1.59269E+01	 1.40083E+01	 1.45914E+01	 1.24839E+01	 1.38548E+01	 1.72095E+01	 1.28786E+01	 1.29329E+01	 1.38355E+01	 1.34006E+01	 1.74124E+01	 1.90276E+01	 1.38432E+01	 1.38212E+01	 1.38575E+01	 1.44248E+01	 1.53078E+01	 1.41054E+01	 1.45611E+01	 1.74687E+01	 1.55270E+01	 1.60144E+01	 1.36928E+01	 1.50000E+01	 1.56059E+01	 1.49713E+01	 1.48499E+01	 1.83526E+01	 1.65726E+01	 1.50079E+01	 1.29104E+01	 1.36353E+01	 1.53305E+01	 1.48078E+01	 1.38864E+01	 1.23620E+01	 1.37371E+01	 1.84481E+01	 1.67405E+01	 1.27630E+01	 1.25000E+01	 1.62334E+01	 1.40578E+01	 1.75856E+01	 1.55640E+01	 1.14722E+01	 1.28686E+01	 1.53520E+01	 1.36631E+01	 1.33982E+01
 1.57379E+01	 1.68786E+01	 1.59995E+01	 1.82046E+01	 2.17728E+01	 1.86819E+01	 1.63613E+01	 1.65184E+01	 1.44935E+01	 1.49088E+01	 1.29355E+01	 1.63511E+01	 1.40910E+01	 1.27728E+01	 1.40039E+01	 1.68237E+01	 1.37866E+01	 1.36380E+01	 1.34306E+01	 1.79091E+01	 2.46152E+01	 2.52044E+01	 2.57831E+01	 2.25015E+01	 1.76242E+01	 1.62728E+01	 1.54097E+01	 1.40001E+01	 1.38638E+01	 1.42933E+01	 1.42905E+01	 1.63354E+01	 1.33790E+01	 1.41170E+01	 1.44667E+01	 1.47078E+01	 1.30228E+01	 1.04557E+01	 1.08959E+01	 1.31763E+01	 1.26210E+01	 1.43959E+01	 1.44552E+01	 1.58659E+01	 1.84097E+01	 1.69546E+01	 2.01867E+01	 1.81677E+01	 1.50903E+01	 1.79407E+01	 1.70910E+01	 1.50737E+01	 1.55562E+01	 1.38194E+01	 1.60184E+01	 2.08121E+01	 2.09058E+01	 1.73720E+01	 1.70039E+01	 1.94109E+01	 1.89478E+01
 1.60300E+01	 1.73959E+01	 2.05000E+01	 1.88305E+01	 1.85455E+01	 2.42226E+01	 2.57537E+01	 1.64374E+01	 1.60000E+01	 1.84131E+01	 1.64319E+01	 1.84896E+01	 1.84118E+01	 1.50643E+01	 1.62600E+01	 1.46120E+01	 1.47184E+01	 1.41137E+01	 1.31364E+01	 1.79641E+01	 2.12500E+01	 2.62801E+01	 2.53742E+01	 2.27826E+01	 2.40228E+01	 2.02501E+01	 2.27500E+01	 2.05289E+01	 1.53078E+01	 1.34119E+01	 1.46591E+01	 1.60228E+01	 1.58747E+01	 1.42052E+01	 1.41769E+01	 1.39552E+01	 1.33078E+01	 1.30380E+01	 1.45285E+01	 1.31392E+01	 1.42709E+01	 1.50197E+01	 1.36071E+01	 1.29097E+01	 1.25000E+01	 1.42644E+01	 1.64687E+01	 1.34641E+01	 1.31364E+01	 1.38927E+01	 1.46179E+01	 1.65477E+01	 1.67604E+01	 1.55228E+01	 1.43638E+01	 1.28410E+01	 1.41819E+01	 1.64319E+01	 1.55000E+01	 1.93855E+01	 2.06817E+01
 1.84552E+01	 1.94785E+01	 1.94713E+01	 1.78786E+01	 1.72357E+01	 1.65144E+01	 2.09711E+01	 1.90516E+01	 2.02189E+01	 1.79146E+01	 1.67754E+01	 1.69201E+01	 1.79091E+01	 1.69440E+01	 1.81592E+01	 1.88183E+01	 1.75882E+01	 1.60000E+01	 1.62070E+01	 1.73797E+01	 1.83647E+01	 2.02433E+01	 2.27433E+01	 2.09828E+01	 2.24832E+01	 2.26145E+01	 3.01648E+01	 2.27096E+01	 1.59970E+01	 1.94306E+01	 2.06910E+01	 2.31263E+01	 1.99163E+01	 1.53454E+01	 1.66580E+01	 1.59740E+01	 1.71319E+01	 1.54740E+01	 1.52933E+01	 1.49285E+01	 1.69634E+01	 1.47500E+01	 1.28548E+01	 1.34146E+01	 1.44772E+01	 1.27373E+01	 1.45942E+01	 1.44755E+01	 1.50095E+01	 1.50976E+01	 1.66674E+01	 1.56364E+01	 1.47273E+01	 1.76120E+01	 1.68359E+01	 1.86228E+01	 1.58670E+01	 1.63637E+01	 1.66348E+01	 1.88194E+01	 1.69896E+01
 1.91452E+01	 1.99229E+01	 1.95882E+01	 1.85882E+01	 1.79097E+01	 1.68194E+01	 2.18930E+01	 1.78414E+01	 1.80097E+01	 2.03869E+01	 1.71380E+01	 1.72501E+01	 1.69201E+01	 1.79146E+01	 2.07356E+01	 2.12046E+01	 1.93078E+01	 1.58078E+01	 1.77500E+01	 1.80909E+01	 1.90005E+01	 1.96321E+01	 1.78407E+01	 2.02328E+01	 1.73953E+01	 1.49939E+01	 1.43048E+01	 1.42211E+01	 1.26890E+01	 1.30000E+01	 1.84567E+01	 2.04567E+01	 1.79481E+01	 1.73547E+01	 1.46100E+01	 1.56469E+01	 1.69485E+01	 1.35915E+01	 1.32334E+01	 1.30301E+01	 1.25560E+01	 1.47955E+01	 1.33747E+01	 1.67356E+01	 1.66474E+01	 1.59229E+01	 1.69097E+01	 1.64201E+01	 1.85289E+01	 1.54892E+01	 1.49740E+01	 2.01869E+01	 2.17805E+01	 2.10252E+01	 2.61112E+01	 2.43507E+01	 1.72414E+01	 1.51737E+01	 1.68869E+01	 1.63154E+01	 1.56586E+01
 2.11152E+01	 1.53909E+01	 1.39277E+01	 1.66363E+01	 1.64303E+01	 1.61644E+01	 1.62687E+01	 1.65774E+01	 1.82238E+01	 2.58181E+01	 1.84306E+01	 2.03480E+01	 1.49834E+01	 1.51364E+01	 1.36136E+01	 1.41363E+01	 1.67500E+01	 1.70932E+01	 1.82334E+01	 1.71286E+01	 1.63652E+01	 1.62072E+01	 1.48476E+01	 1.27948E+01	 1.93714E+01	 1.45072E+01	 1.65113E+01	 2.11280E+01	 2.05000E+01	 2.02342E+01	 2.30682E+01	 2.72044E+01	 2.07045E+01	 2.27272E+01	 2.07500E+01	 2.06818E+01	 2.10903E+01	 2.65104E+01	 1.85909E+01	 1.62495E+01	 1.62805E+01	 1.72954E+01	 1.91091E+01	 2.03726E+01	 1.87095E+01	 1.63747E+01	 1.86388E+01	 2.01242E+01	 1.94773E+01	 1.67612E+01	 1.93116E+01	 2.26221E+01	 2.97485E+01	 2.92082E+01	 3.21816E+01	 2.70463E+01	 2.15072E+01	 1.62572E+01	 1.73967E+01	 1.91467E+01	 1.46626E+01
 1.36573E+01	 1.31530E+01	 1.65792E+01	 1.42500E+01	 2.12543E+01	 2.28841E+01	 1.91242E+01	 1.91355E+01	 1.91242E+01	 1.48182E+01	 1.69369E+01	 1.72490E+01	 1.42387E+01	 1.29667E+01	 1.55932E+01	 2.03815E+01	 1.86170E+01	 1.67419E+01	 1.45550E+01	 1.65903E+01	 1.70316E+01	 1.68863E+01	 1.70311E+01	 2.08093E+01	 2.48447E+01	 2.78763E+01	 3.28920E+01	 2.77500E+01	 2.78807E+01	 2.62272E+01	 2.45097E+01	 2.10065E+01	 2.22933E+01	 2.64870E+01	 2.77515E+01	 2.61041E+01	 2.56634E+01	 2.12328E+01	 2.44195E+01	 2.17869E+01	 1.72140E+01	 1.98620E+01	 2.00980E+01	 1.86563E+01	 2.07800E+01	 1.79985E+01	 1.79679E+01	 1.59652E+01	 1.60168E+01	 1.79985E+01	 1.74164E+01	 1.70061E+01	 1.93231E+01	 2.42577E+01	 2.37461E+01	 1.94323E+01	 1.69195E+01	 1.89085E+01	 1.49410E+01	 1.46242E+01	 1.39919E+01
 1.65315E+01	 1.88078E+01	 2.17461E+01	 1.97500E+01	 1.85723E+01	 1.53962E+01	 1.64711E+01	 1.57084E+01	 1.56566E+01	 1.90418E+01	 2.23756E+01	 2.20958E+01	 1.60200E+01	 1.79684E+01	 2.04340E+01	 1.60183E+01	 1.68710E+01	 1.88412E+01	 1.79195E+01	 1.87572E+01	 2.36931E+01	 2.00438E+01	 2.01633E+01	 2.27272E+01	 2.08095E+01	 2.18412E+01	 2.95172E+01	 2.52081E+01	 2.51948E+01	 2.62559E+01	 2.41041E+01	 2.19089E+01	 2.84772E+01	 3.10671E+01	 2.58507E+01	 2.21707E+01	 1.60262E+01	 2.38685E+01	 2.16687E+01	 2.16048E+01	 1.92752E+01	 2.35784E+01	 2.02561E+01	 1.77600E+01	 1.92745E+01	 2.10245E+01	 1.71026E+01	 1.75683E+01	 2.02273E+01	 2.34407E+01	 2.08637E+01	 1.88437E+01	 1.83410E+01	 1.95682E+01	 2.27189E+01	 2.08194E+01	 1.55976E+01	 1.51038E+01	 1.64269E+01	 1.41946E+01	 1.33784E+01
 1.80874E+01	 1.73659E+01	 1.59687E+01	 1.55000E+01	 1.42689E+01	 1.76420E+01	 1.89217E+01	 1.85039E+01	 1.85683E+01	 1.74689E+01	 1.94625E+01	 1.84740E+01	 1.49935E+01	 1.59935E+01	 1.69023E+01	 1.83864E+01	 1.65079E+01	 1.88093E+01	 1.61867E+01	 1.79097E+01	 1.97479E+01	 2.20882E+01	 2.30065E+01	 2.16307E+01	 2.39239E+01	 2.12498E+01	 2.07498E+01	 1.64999E+01	 1.66867E+01	 1.95148E+01	 2.34239E+01	 2.16824E+01	 2.56330E+01	 3.20977E+01	 2.87925E+01	 2.74146E+01	 2.65005E+01	 2.82953E+01	 2.28654E+01	 1.71879E+01	 2.06545E+01	 1.98888E+01	 1.85932E+01	 1.64879E+01	 1.62414E+01	 1.76177E+01	 2.52468E+01	 2.03183E+01	 1.68504E+01	 1.70550E+01	 1.65433E+01	 1.86364E+01	 1.53600E+01	 1.94687E+01	 1.67047E+01	 1.91482E+01	 1.87855E+01	 1.85228E+01	 1.52134E+01	 1.45200E+01	 1.24791E+01
 2.29984E+01	 1.85072E+01	 2.12495E+01	 1.44195E+01	 1.66056E+01	 2.15731E+01	 2.26530E+01	 1.29817E+01	 1.47227E+01	 1.61253E+01	 1.81170E+01	 1.52025E+01	 1.45032E+01	 1.69729E+01	 1.58214E+01	 1.34939E+01	 1.50731E+01	 1.44315E+01	 1.48636E+01	 1.51729E+01	 1.61400E+01	 2.06185E+01	 2.08181E+01	 1.79422E+01	 2.40836E+01	 2.31702E+01	 1.97836E+01	 1.70179E+01	 1.88622E+01	 2.28222E+01	 1.87818E+01	 1.66436E+01	 1.66857E+01	 1.60246E+01	 2.47201E+01	 3.48963E+01	 3.63269E+01	 2.63862E+01	 1.97365E+01	 1.46112E+01	 1.59817E+01	 1.27419E+01	 1.50062E+01	 1.94697E+01	 1.86952E+01	 1.77500E+01	 1.47435E+01	 1.90246E+01	 1.82341E+01	 1.56221E+01	 1.54250E+01	 1.58165E+01	 2.10433E+01	 1.86691E+01	 1.46210E+01	 1.99896E+01	 2.12928E+01	 1.74906E+01	 1.74045E+01	 1.48705E+01	 1.50475E+01
 1.78786E+01	 1.94696E+01	 1.75783E+01	 1.76869E+01	 1.83953E+01	 1.37500E+01	 1.68645E+01	 1.34369E+01	 1.81938E+01	 1.63403E+01	 1.73182E+01	 1.87758E+01	 2.48179E+01	 1.35104E+01	 1.28848E+01	 1.42501E+01	 1.70783E+01	 1.41348E+01	 1.42811E+01	 1.76247E+01	 1.61020E+01	 1.90418E+01	 2.34828E+01	 2.04346E+01	 2.17821E+01	 1.99410E+01	 1.85473E+01	 1.25731E+01	 1.54328E+01	 1.83513E+01	 1.48777E+01	 1.61048E+01	 1.78925E+01	 2.71474E+01	 2.43396E+01	 2.90121E+01	 3.28218E+01	 4.27759E+01	 2.39545E+01	 1.50737E+01	 1.29879E+01	 1.53121E+01	 1.80677E+01	 1.64684E+01	 1.68619E+01	 1.70429E+01	 1.63437E+01	 1.56846E+01	 1.88183E+01	 1.91586E+01	 1.67618E+01	 1.62877E+01	 1.98863E+01	 1.71907E+01	 1.73815E+01	 1.58293E+01	 2.00072E+01	 1.79327E+01	 1.71159E+01	 1.74390E+01	 1.59393E+01
 1.52166E+01	 2.06929E+01	 1.60178E+01	 1.79855E+01	 1.67355E+01	 1.54667E+01	 1.67339E+01	 1.63959E+01	 1.72728E+01	 1.56566E+01	 1.55762E+01	 1.70976E+01	 2.23822E+01	 1.45942E+01	 1.30754E+01	 1.41591E+01	 1.74496E+01	 1.73374E+01	 1.51419E+01	 1.73116E+01	 1.61186E+01	 1.48980E+01	 1.93620E+01	 1.97905E+01	 2.17215E+01	 2.03620E+01	 1.76045E+01	 1.74567E+01	 1.78041E+01	 2.43791E+01	 1.55059E+01	 1.56200E+01	 1.94060E+01	 2.77210E+01	 2.74073E+01	 2.44046E+01	 3.35304E+01	 4.13107E+01	 3.11792E+01	 2.18403E+01	 1.58728E+01	 1.41558E+01	 1.40519E+01	 2.03825E+01	 1.97729E+01	 3.12638E+01	 1.50715E+01	 1.44755E+01	 1.72500E+01	 1.56524E+01	 2.10289E+01	 2.14822E+01	 1.87187E+01	 1.79144E+01	 1.47600E+01	 1.58688E+01	 1.88819E+01	 2.00455E+01	 1.89452E+01	 1.47500E+01	 1.72561E+01
 1.58742E+01	 1.90578E+01	 1.89578E+01	 2.19374E+01	 1.76131E+01	 1.64421E+01	 1.87274E+01	 1.51840E+01	 1.34856E+01	 1.80000E+01	 1.56558E+01	 1.64606E+01	 1.67179E+01	 2.08903E+01	 1.96026E+01	 1.69085E+01	 1.56038E+01	 1.64839E+01	 1.60909E+01	 1.75682E+01	 1.81364E+01	 1.95784E+01	 2.13732E+01	 1.60915E+01	 1.78670E+01	 1.83348E+01	 1.78841E+01	 2.01778E+01	 1.62754E+01	 1.93839E+01	 1.67500E+01	 1.88603E+01	 1.95891E+01	 2.46041E+01	 3.34399E+01	 3.29202E+01	 2.70422E+01	 2.76879E+01	 2.28685E+01	 1.89834E+01	 1.72184E+01	 1.66242E+01	 1.62393E+01	 1.32500E+01	 1.49135E+01	 2.69750E+01	 3.10633E+01	 1.46819E+01	 1.92644E+01	 1.97229E+01	 1.86892E+01	 1.64274E+01	 2.00118E+01	 1.88309E+01	 1.69919E+01	 1.92990E+01	 1.89180E+01	 2.37199E+01	 1.71874E+01	 1.61145E+01	 1.65129E+01
 2.09274E+01	 1.49985E+01	 1.85041E+01	 2.12052E+01	 1.80405E+01	 1.57618E+01	 1.33050E+01	 1.63226E+01	 1.67273E+01	 1.55626E+01	 1.89318E+01	 1.57290E+01	 1.61818E+01	 1.54928E+01	 1.98559E+01	 1.76427E+01	 1.79995E+01	 2.41242E+01	 1.57789E+01	 1.67789E+01	 1.50799E+01	 2.17305E+03	 2.31240E+02	 2.03720E+01	 1.93326E+01	 1.73240E+01	 2.01857E+01	 1.47077E+01	 1.68559E+01	 2.11026E+01	 1.78747E+01	 1.81247E+01	 2.02356E+01	 2.00578E+01	 1.78962E+01	 1.83952E+01	 1.99118E+01	 2.03686E+01	 1.85654E+01	 2.03050E+01	 1.76467E+01	 1.18372E+01	 1.00000E+01	 1.30000E+01	 1.14834E+01	 1.68038E+01	 1.42205E+01	 1.69683E+01	 1.75848E+01	 1.90869E+01	 1.68770E+01	 1.77811E+01	 1.88432E+01	 1.89237E+01	 1.94092E+01	 2.25104E+01	 1.73603E+01	 1.89073E+01	 1.59373E+01	 1.58980E+01	 2.21737E+01
 1.96708E+01	 1.49679E+01	 1.79623E+01	 1.91558E+01	 1.76364E+01	 1.76137E+01	 1.81563E+01	 1.41258E+01	 1.70123E+01	 1.59369E+01	 2.08391E+01	 2.58993E+01	 2.12565E+01	 2.08974E+01	 1.54679E+01	 1.48809E+01	 1.64772E+01	 1.48091E+01	 1.99318E+01	 2.28237E+01	 1.93526E+01	 2.25499E+01	 2.28046E+01	 1.74119E+01	 1.86817E+01	 2.11746E+01	 1.86907E+01	 1.32956E+01	 1.49058E+01	 1.45104E+01	 1.43703E+01	 1.60787E+01	 1.23207E+01	 1.57095E+01	 1.67500E+01	 1.50992E+01	 1.58726E+01	 1.41214E+01	 1.54392E+01	 1.68476E+01	 1.53686E+01	 1.47184E+01	 1.00183E+01	 9.13633E+00	 1.61330E+01	 1.40015E+01	 1.68844E+01	 1.46771E+01	 1.53786E+01	 1.86191E+01	 1.44429E+01	 1.84269E+01	 2.04058E+01	 1.84502E+01	 2.31506E+01	 1.66696E+01	 1.77255E+01	 1.88863E+01	 1.48677E+01	 1.62500E+01	 1.79302E+01
 2.13925E+01	 2.00151E+01	 2.02923E+01	 1.82240E+01	 1.87716E+01	 1.76874E+01	 1.44452E+01	 1.57805E+01	 1.71907E+01	 1.71626E+01	 1.88710E+01	 1.94651E+01	 1.95016E+01	 1.80787E+01	 1.88809E+01	 2.03753E+01	 1.82880E+01	 1.77956E+01	 1.84053E+01	 2.63183E+01	 1.67046E+01	 1.94410E+01	 2.51055E+01	 2.05005E+01	 1.66563E+01	 1.55377E+01	 1.64606E+01	 1.56358E+01	 1.52881E+01	 1.74557E+01	 1.72285E+01	 1.79634E+01	 1.45061E+01	 1.43631E+01	 1.52811E+01	 1.40381E+01	 1.30377E+01	 1.62543E+01	 1.52683E+01	 1.81186E+01	 1.75610E+01	 1.14306E+01	 1.07644E+01	 1.19817E+01	 1.27644E+01	 1.35907E+01	 1.09091E+01	 1.04063E+01	 1.46778E+01	 1.68231E+01	 1.78766E+01	 1.62500E+01	 1.58526E+01	 1.54131E+01	 1.40190E+01	 1.51952E+01	 1.49075E+01	 1.42179E+01	 1.46772E+01	 1.25915E+01	 1.20909E+01
 2.25226E+01	 1.72211E+01	 1.78381E+01	 1.60456E+01	 1.70910E+01	 1.91907E+01	 2.11112E+01	 1.85190E+01	 1.88952E+01	 1.80932E+01	 1.77500E+01	 1.92499E+01	 2.39803E+01	 1.89544E+01	 2.04076E+01	 2.74870E+01	 2.55113E+01	 2.45793E+01	 2.04800E+01	 1.67428E+01	 1.52472E+01	 1.87184E+01	 1.86247E+01	 1.86210E+01	 2.11210E+01	 1.65104E+01	 1.81297E+01	 1.52291E+01	 1.53892E+01	 1.38959E+01	 1.27123E+01	 1.34191E+01	 1.53299E+01	 1.33747E+01	 1.42953E+01	 1.46817E+01	 1.74857E+01	 1.72189E+01	 1.56563E+01	 1.39104E+01	 1.84191E+01	 1.40405E+01	 1.51230E+01	 1.28414E+01	 1.22500E+01	 1.25477E+01	 1.42046E+01	 1.03814E+01	 1.24408E+01	 1.38902E+01	 1.41307E+01	 1.11674E+01	 1.10976E+01	 1.28980E+01	 1.21817E+01	 1.18062E+01	 1.01646E+01	 9.87697E+00	 1.17357E+01	 1.34684E+01	 1.14485E+01
 2.60452E+01	 1.98415E+01	 1.93858E+01	 1.85072E+01	 1.92952E+01	 1.66863E+01	 1.87572E+01	 1.80805E+01	 1.79740E+01	 1.81592E+01	 1.76777E+01	 1.95313E+01	 2.02131E+01	 1.73779E+01	 1.90907E+01	 2.48442E+01	 2.51533E+01	 2.30908E+01	 1.89546E+01	 1.58809E+01	 1.44701E+01	 1.50245E+01	 1.54438E+01	 1.92213E+01	 1.85682E+01	 1.88182E+01	 1.20316E+01	 1.08697E+01	 1.36707E+01	 1.55793E+01	 1.50001E+01	 1.33260E+01	 1.32078E+01	 1.33952E+01	 1.37500E+01	 1.71369E+01	 1.52500E+01	 1.55460E+01	 1.65515E+01	 1.41474E+01	 1.47317E+01	 1.35783E+01	 1.37811E+01	 1.09340E+01	 1.66607E+01	 1.11437E+01	 1.11874E+01	 1.20000E+01	 9.26576E+00	 1.16524E+01	 1.10305E+01	 1.46138E+01	 1.39263E+01	 1.58237E+01	 1.66048E+01	 2.12428E+01	 2.19570E+01	 1.92776E+01	 1.51038E+01	 1.53410E+01	 2.33183E+01
 2.52807E+01	 2.01425E+01	 1.57905E+01	 1.66563E+01	 1.88925E+01	 1.84384E+01	 1.71729E+01	 1.48637E+01	 1.65799E+01	 1.66493E+01	 1.40881E+01	 1.88520E+01	 1.83642E+01	 1.75065E+01	 1.61370E+01	 2.36890E+01	 1.78541E+01	 1.49882E+01	 1.61929E+01	 1.46036E+01	 1.39177E+01	 1.41170E+01	 1.47317E+01	 1.38742E+01	 1.54306E+01	 1.25104E+01	 1.24217E+01	 1.29567E+01	 1.46314E+01	 1.42272E+01	 1.29417E+01	 1.39928E+01	 1.28060E+01	 1.12816E+01	 1.26563E+01	 1.16907E+01	 1.37272E+01	 1.27500E+01	 1.35000E+01	 1.20621E+01	 6.14958E+02	 2.81458E+02	 1.49546E+01	 1.45621E+01	 1.18454E+01	 1.72789E+01	 1.47500E+01	 1.47500E+01	 1.42500E+01	 1.84109E+01	 1.90602E+01	 1.81863E+01	 1.47573E+01	 2.27728E+01	 2.24091E+01	 2.04392E+01	 2.33116E+01	 2.02240E+01	 2.27234E+01	 2.09850E+01	 2.58742E+01
 1.93920E+01	 1.38420E+01	 1.22373E+01	 1.25183E+01	 1.35077E+01	 1.44562E+01	 1.11380E+01	 1.20227E+01	 2.92983E+02	 2.24458E+02	 1.45227E+01	 1.45303E+01	 1.51890E+01	 1.62452E+01	 1.48774E+01	 1.39772E+01	 1.42468E+01	 1.20820E+01	 1.11097E+01	 1.06344E+01	 1.44133E+01	 1.21591E+01	 1.37387E+01	 1.28797E+01	 1.14060E+01	 9.61240E+00	 1.32572E+01	 1.16214E+01	 1.22272E+01	 1.34119E+01	 1.10872E+01	 1.13753E+01	 1.26946E+01	 1.41819E+01	 1.66493E+01	 1.78507E+01	 2.04689E+01	 1.92556E+01	 1.82196E+01	 1.55305E+01	 1.68427E+01	 1.73415E+01	 2.10455E+01	 1.77274E+01	 2.44066E+01	 2.44774E+01	 2.02880E+01	 1.96580E+01	 1.82728E+01	 1.71592E+01	 1.77273E+01	 1.70228E+01	 1.96129E+01	 2.15228E+01	 2.33410E+01	 1.90305E+01	 2.16348E+01	 2.22095E+01	 2.40549E+01	 2.22406E+01	 2.27543E+01
 1.12095E+01	 1.06341E+01	 8.75000E+00	 8.91462E+00	 1.11591E+01	 9.84092E+00	 1.18526E+01	 1.20183E+01	 9.15241E+00	 9.87526E+00	 1.12500E+01	 1.24618E+01	 1.07478E+01	 1.13703E+01	 1.35794E+01	 1.11495E+01	 8.66185E+00	 9.81430E+00	 1.15903E+01	 1.49790E+01	 1.74291E+01	 1.81152E+01	 1.57658E+01	 1.39092E+01	 1.78797E+01	 1.60460E+01	 1.91591E+01	 1.94091E+01	 1.64957E+01	 1.70927E+01	 1.75660E+01	 1.99887E+01	 1.86161E+01	 2.00001E+01	 2.05000E+01	 2.15433E+01	 2.44552E+01	 2.49939E+01	 2.79263E+01	 2.76580E+01	 2.15759E+01	 1.94990E+01	 1.75428E+01	 1.69834E+01	 2.63637E+01	 3.58974E+01	 2.75000E+01	 2.13819E+01	 2.31962E+01	 2.06358E+01	 1.90433E+01	 2.15276E+01	 1.81680E+01	 2.02040E+01	 1.82196E+01	 1.79995E+01	 2.21558E+01	 2.37211E+01	 2.49278E+01	 2.25942E+01	 2.27600E+01
 1.48171E+01	 1.21695E+01	 1.22627E+01	 1.31120E+01	 1.11286E+01	 1.07121E+01	 1.23880E+01	 1.41874E+01	 1.26247E+01	 1.10039E+01	 1.48726E+01	 1.26242E+01	 1.20914E+01	 1.35074E+01	 1.86808E+01	 1.69049E+01	 1.12586E+01	 1.54567E+01	 1.62224E+01	 1.83180E+01	 1.57725E+01	 1.40359E+01	 1.40784E+01	 1.72728E+01	 1.87822E+01	 2.02167E+01	 2.27419E+01	 2.16873E+01	 1.89373E+01	 1.86978E+01	 2.17668E+01	 2.32919E+01	 2.15433E+01	 2.00197E+01	 2.06388E+01	 2.33770E+01	 2.45200E+01	 2.15245E+01	 2.14684E+01	 2.28681E+01	 2.21954E+01	 1.94053E+01	 1.80683E+01	 1.76159E+01	 2.03183E+01	 2.19684E+01	 1.96869E+01	 1.66325E+01	 1.49785E+01	 1.45927E+01	 1.31929E+01	 1.46774E+01	 1.44823E+01	 1.52562E+01	 1.57134E+01	 1.88358E+01	 1.71591E+01	 1.68235E+01	 1.77500E+01	 2.02356E+01	 1.68093E+01
 2.13145E+01	 1.93231E+01	 1.74060E+01	 1.56874E+01	 1.55881E+01	 1.48952E+01	 1.53612E+01	 1.49634E+01	 1.50602E+01	 1.64126E+01	 1.62933E+01	 1.86582E+01	 1.58959E+01	 1.62933E+01	 1.28458E+01	 1.23309E+01	 1.45499E+01	 1.35728E+01	 1.82505E+01	 1.97684E+01	 2.28381E+01	 2.07500E+01	 2.02179E+01	 2.16952E+01	 1.96588E+01	 1.99906E+01	 2.08215E+01	 2.07419E+01	 1.92387E+01	 1.79319E+01	 1.55999E+01	 1.74666E+01	 1.79143E+01	 1.86785E+01	 1.79045E+01	 2.06624E+01	 2.27414E+01	 2.35621E+01	 1.98126E+01	 1.90454E+01	 1.73507E+01	 1.80000E+01	 1.74131E+01	 1.51142E+01	 1.58691E+01	 1.78770E+01	 1.51480E+01	 1.41592E+01	 1.51309E+01	 1.47928E+01	 1.55954E+01	 1.30932E+01	 1.36487E+01	 1.47600E+01	 1.48160E+01	 1.39329E+01	 1.60000E+01	 1.43237E+01	 1.66760E+01	 1.48747E+01	 1.65316E+01
 2.15005E+01	 2.05927E+01	 1.81038E+01	 1.45454E+01	 1.58753E+01	 1.77206E+01	 2.03411E+01	 2.37435E+01	 2.57805E+01	 2.39790E+01	 2.19036E+01	 2.09302E+01	 1.65976E+01	 1.76929E+01	 2.28432E+01	 1.81563E+01	 1.29146E+01	 1.68231E+01	 1.91397E+01	 1.84571E+01	 1.97023E+01	 2.01214E+01	 1.74834E+01	 1.65640E+01	 1.58927E+01	 1.86493E+01	 1.81586E+01	 1.52933E+01	 1.66071E+01	 1.76763E+01	 1.46558E+01	 1.56558E+01	 1.65976E+01	 1.56403E+01	 1.42392E+01	 1.53121E+01	 2.32727E+01	 1.92953E+01	 2.12515E+01	 1.82727E+01	 1.45151E+01	 1.53747E+01	 1.12334E+01	 1.07522E+01	 1.16297E+01	 1.29285E+01	 1.30377E+01	 1.30377E+01	 1.15285E+01	 9.17291E+00	 9.76045E+00	 7.26230E+00	 7.68016E+00	 9.86032E+00	 1.08143E+01	 1.16152E+01	 1.13691E+01	 1.04711E+01	 1.06523E+01	 9.89740E+00	 9.73156E+00
 2.72179E+01	 2.31592E+01	 2.28927E+01	 1.79023E+01	 2.04674E+01	 2.30611E+01	 2.33078E+01	 2.13723E+01	 2.01962E+01	 2.06026E+01	 1.94968E+01	 2.14968E+01	 1.98747E+01	 1.67925E+01	 1.82776E+01	 1.73635E+01	 2.60436E+01	 2.15404E+01	 1.59893E+01	 1.56984E+01	 1.62106E+01	 1.76480E+01	 1.79546E+01	 1.44252E+01	 1.71452E+01	 1.75238E+01	 1.53737E+01	 1.48742E+01	 1.64684E+01	 1.50000E+01	 1.36585E+01	 1.28538E+01	 1.18888E+01	 1.37357E+01	 1.13980E+01	 1.31258E+01	 1.64073E+01	 1.32316E+01	 1.34856E+01	 1.34119E+01	 9.95954E+00	 8.07309E+00	 6.33310E+00	 1.04984E+01	 9.54768E+00	 1.08714E+01	 9.75717E+00	 8.00000E+00	 8.23172E+00	 9.03157E+00	 1.03437E+01	 8.46843E+00	 7.62258E+00	 9.00485E+00	 1.28520E+01	 1.76341E+01	 1.48855E+01	 1.55000E+01	 1.18710E+01	 1.27500E+01	 1.28136E+01
 2.29248E+01	 2.31664E+01	 2.22933E+01	 2.01129E+01	 1.87933E+01	 2.04363E+01	 1.90477E+01	 1.74468E+01	 1.79180E+01	 1.73060E+01	 1.49772E+01	 1.49928E+01	 1.75937E+01	 1.41474E+01	 1.28797E+01	 1.43713E+01	 1.70937E+01	 1.72985E+01	 1.33809E+01	 1.45937E+01	 1.11818E+01	 1.31452E+01	 1.36167E+01	 1.26341E+01	 1.09191E+01	 1.14195E+01	 1.22955E+01	 1.44552E+01	 1.19263E+01	 9.83262E+00	 9.15593E+00	 7.45436E+00	 9.25000E+00	 9.86467E+00	 1.21321E+01	 1.68871E+01	 1.81579E+01	 1.87951E+01	 1.81063E+01	 1.40454E+01	 8.73555E+00	 1.13974E+01	 1.03492E+01	 9.36367E+00	 1.07151E+01	 8.23228E+00	 1.01358E+01	 1.14928E+01	 1.02618E+01	 9.45520E+00	 8.81185E+00	 9.81940E+00	 9.26045E+00	 1.03770E+01	 1.76253E+01	 2.11948E+01	 1.89084E+01	 2.25637E+01	 1.48863E+01	 1.35453E+01	 1.35276E+01
 1.83786E+01	 1.84024E+01	 1.77167E+01	 1.75809E+01	 1.65869E+01	 1.38784E+01	 1.56619E+01	 1.34237E+01	 1.47379E+01	 1.54269E+01	 1.47334E+01	 1.70000E+01	 1.21430E+01	 1.27184E+01	 1.18293E+01	 1.23897E+01	 1.33795E+01	 1.34384E+01	 8.51182E+00	 1.02754E+01	 1.02821E+01	 9.17630E+00	 1.03154E+01	 7.09768E+00	 7.86586E+00	 8.93192E+00	 9.60075E+00	 1.01774E+01	 1.39984E+01	 1.21535E+01	 8.63968E+00	 1.16048E+01	 1.19215E+01	 1.68237E+01	 1.64389E+01	 1.73137E+01	 2.32157E+01	 1.86838E+01	 1.75731E+01	 2.04695E+01	 1.41563E+01	 1.00039E+01	 9.81487E+00	 8.87141E+00	 9.22616E+00	 1.19919E+01	 1.11159E+01	 1.08612E+01	 1.01893E+01	 1.36425E+01	 1.36031E+01	 1.11563E+01	 9.71508E+00	 1.41314E+01	 1.75225E+01	 2.38180E+01	 2.00166E+01	 1.68226E+01	 1.35222E+01	 1.48925E+01	 1.80942E+01
 1.74090E+01	 1.76708E+01	 1.59651E+01	 1.19952E+01	 1.42140E+01	 1.03317E+01	 1.15578E+01	 1.16777E+01	 9.44910E+00	 9.68016E+00	 1.23888E+01	 9.55687E+00	 8.47734E+00	 1.17561E+01	 1.16677E+01	 1.00452E+01	 1.05166E+01	 7.59030E+00	 8.29541E+00	 1.04091E+01	 1.05454E+01	 9.58812E+00	 8.98172E+00	 1.18825E+01	 1.24545E+01	 1.13910E+01	 1.31469E+01	 1.37561E+01	 1.26358E+01	 1.04023E+01	 1.28231E+01	 9.67738E+00	 7.77384E+00	 1.08019E+01	 1.33357E+01	 1.27070E+01	 1.96041E+01	 1.77458E+01	 1.60911E+01	 1.90947E+01	 1.53046E+01	 1.31380E+01	 1.11452E+01	 1.24684E+01	 1.25260E+01	 1.54379E+01	 1.54546E+01	 1.51907E+01	 1.46913E+01	 1.41137E+01	 1.61392E+01	 1.36752E+01	 1.50826E+01	 1.66031E+01	 1.79145E+01	 2.26573E+01	 1.99145E+01	 1.69762E+01	 1.91568E+01	 1.97015E+01	 1.85681E+01
 1.50245E+01	 1.20311E+01	 9.23555E+00	 1.05805E+01	 1.09877E+01	 1.19604E+01	 1.29278E+01	 1.19263E+01	 9.64293E+00	 1.09604E+01	 8.46064E+00	 7.77275E+00	 8.75000E+00	 7.66982E+00	 1.36542E+01	 1.04263E+01	 1.16765E+01	 8.93840E+00	 8.86842E+00	 1.19097E+01	 1.25940E+01	 1.46769E+01	 1.59693E+01	 1.26253E+01	 1.18182E+01	 1.64320E+01	 1.76186E+01	 1.53797E+01	 1.58863E+01	 1.02616E+01	 1.18962E+01	 1.43072E+01	 1.30289E+01	 1.25774E+01	 1.30065E+01	 1.37458E+01	 1.94933E+01	 1.88351E+01	 1.42629E+01	 1.91200E+01	 1.64111E+01	 1.97709E+01	 1.75227E+01	 1.54374E+01	 1.65000E+01	 1.52499E+01	 1.56142E+01	 1.76754E+01	 1.57683E+01	 1.15593E+01	 1.33110E+01	 1.23770E+01	 1.92727E+01	 2.36590E+01	 1.98107E+01	 1.83936E+01	 1.48248E+01	 1.57045E+01	 1.92510E+01	 1.57081E+01	 1.81701E+01
 1.40783E+01	 1.68548E+01	 1.13274E+01	 1.30000E+01	 1.26237E+01	 1.18357E+01	 1.75626E+01	 1.71290E+01	 1.16818E+01	 1.12461E+01	 8.77541E+00	 1.14302E+01	 1.24269E+01	 1.29921E+01	 1.23442E+01	 1.13852E+01	 1.24090E+01	 1.28009E+01	 9.79541E+00	 1.62272E+01	 1.64842E+01	 1.48072E+01	 2.06469E+01	 2.03603E+01	 1.79772E+01	 2.38839E+01	 2.38685E+01	 2.08541E+01	 1.82613E+01	 1.79704E+01	 1.45065E+01	 2.06633E+01	 2.37211E+01	 1.31806E+01	 1.59207E+01	 1.78396E+01	 1.51895E+01	 1.25621E+01	 2.06590E+01	 2.53777E+01	 1.75086E+01	 2.56185E+01	 2.85318E+01	 2.21563E+01	 1.86020E+01	 1.67500E+01	 1.75941E+01	 1.68952E+01	 1.66142E+01	 1.66258E+01	 1.80608E+01	 1.83541E+01	 2.58107E+01	 2.29828E+01	 1.77687E+01	 2.02754E+01	 1.95731E+01	 1.53685E+01	 1.73252E+01	 1.93108E+01	 1.83839E+01
 1.66142E+01	 1.46007E+01	 1.36746E+01	 1.15893E+01	 1.31769E+01	 1.68131E+01	 2.63436E+01	 2.34288E+01	 1.83575E+01	 1.89823E+01	 1.59302E+01	 1.64201E+01	 1.28093E+01	 1.46364E+01	 1.57184E+01	 1.38259E+01	 1.40072E+01	 1.41907E+01	 1.32977E+01	 1.48292E+01	 1.58194E+01	 1.79625E+01	 2.52072E+01	 3.38252E+01	 2.53403E+01	 1.98861E+01	 1.70375E+01	 1.78646E+01	 1.71524E+01	 2.07189E+01	 1.54772E+01	 1.63408E+01	 1.96819E+01	 1.76855E+01	 1.57861E+01	 1.86708E+01	 1.84806E+01	 1.58691E+01	 1.63432E+01	 1.86363E+01	 2.38533E+01	 2.97703E+01	 3.24067E+01	 1.96321E+01	 1.67905E+01	 1.80000E+01	 1.45127E+01	 1.49687E+01	 1.76142E+01	 1.65123E+01	 1.43507E+01	 1.76380E+01	 1.96380E+01	 2.00187E+01	 1.54546E+01	 1.64035E+01	 1.60927E+01	 1.87500E+01	 1.56633E+01	 1.45032E+01	 1.51307E+01
 1.74939E+01	 1.74302E+01	 1.53287E+01	 1.62490E+01	 1.90127E+01	 1.82428E+01	 2.05081E+01	 1.95081E+01	 2.41339E+01	 1.72916E+01	 2.17690E+01	 1.62500E+01	 1.61553E+01	 1.78222E+01	 1.31819E+01	 1.40927E+01	 1.48499E+01	 1.58853E+01	 1.90166E+01	 1.83121E+01	 1.76388E+01	 1.83927E+01	 2.19939E+01	 1.69567E+01	 1.86806E+01	 1.83747E+01	 1.43925E+01	 1.70162E+01	 1.61258E+01	 2.30227E+01	 2.09700E+01	 1.97537E+01	 1.84060E+01	 2.00694E+01	 1.78299E+01	 1.47262E+01	 1.64429E+01	 1.66857E+01	 1.47561E+01	 1.47040E+01	 1.92262E+01	 1.69761E+01	 2.58336E+01	 2.08171E+01	 1.65694E+01	 1.58974E+01	 1.77189E+01	 1.59772E+01	 1.98382E+01	 1.33726E+01	 1.44540E+01	 1.48559E+01	 1.73976E+01	 1.64216E+01	 1.73447E+01	 1.93198E+01	 1.54961E+01	 1.35992E+01	 1.42897E+01	 1.30428E+01	 2.30144E+01
 1.94119E+01	 1.91946E+01	 1.93753E+01	 2.08541E+01	 2.44260E+01	 2.41546E+01	 2.08403E+01	 2.44617E+01	 1.90000E+01	 1.72067E+01	 2.08541E+01	 1.51922E+01	 1.75357E+01	 1.74903E+01	 1.71452E+01	 1.61316E+01	 1.68194E+01	 1.71769E+01	 1.55910E+01	 1.55477E+01	 1.98967E+01	 1.78182E+01	 1.31325E+01	 1.70192E+01	 1.45059E+01	 1.72921E+01	 1.54700E+01	 2.02548E+01	 1.93271E+01	 1.83442E+01	 1.56291E+01	 1.87505E+01	 1.30999E+01	 1.59515E+01	 1.73904E+01	 1.50908E+01	 1.53016E+01	 1.74246E+01	 1.98526E+01	 1.44146E+01	 1.54968E+01	 1.89595E+01	 1.95448E+01	 2.00799E+01	 1.26819E+01	 1.54823E+01	 1.66769E+01	 1.71769E+01	 1.52356E+01	 1.40032E+01	 1.56591E+01	 1.52928E+01	 1.66586E+01	 1.34146E+01	 1.48016E+01	 1.63980E+01	 1.76315E+01	 1.71585E+01	 1.69679E+01	 1.61563E+01	 1.93520E+01
 1.64340E+01	 1.43880E+01	 1.49772E+01	 1.57726E+01	 2.05952E+01	 2.61307E+01	 2.06226E+01	 1.88194E+01	 1.74684E+01	 1.84144E+01	 1.75166E+01	 1.71566E+01	 1.69515E+01	 2.03181E+01	 2.06026E+01	 1.93742E+01	 1.73892E+01	 1.85016E+01	 1.61108E+01	 1.82499E+01	 1.42500E+01	 2.23863E+01	 1.38797E+01	 1.92421E+01	 2.03408E+01	 1.77613E+01	 1.74508E+01	 1.60965E+01	 1.06397E+01	 1.41253E+01	 1.57468E+01	 1.52500E+01	 1.46701E+01	 1.80637E+01	 1.64379E+01	 1.55016E+01	 2.08904E+01	 2.93407E+01	 1.98714E+01	 1.62472E+01	 1.61210E+01	 1.79208E+01	 1.34834E+01	 1.55000E+01	 1.49104E+01	 1.51007E+01	 1.94318E+01	 1.47877E+01	 1.58356E+01	 1.45190E+01	 1.70854E+01	 1.62595E+01	 1.37539E+01	 1.40927E+01	 1.86881E+01	 2.01558E+01	 1.65197E+01	 1.41020E+01	 1.29257E+01	 1.64269E+01	 1.77291E+01
 1.32284E+01	 1.80000E+01	 1.38677E+01	 1.77500E+01	 2.04152E+01	 1.73427E+01	 2.26591E+01	 2.05000E+01	 1.78271E+01	 1.61998E+01	 1.89023E+01	 1.75854E+01	 1.59984E+01	 1.74422E+01	 1.89546E+01	 1.37291E+01	 2.20039E+01	 1.96646E+01	 1.77516E+01	 2.26910E+01	 1.59762E+01	 1.91568E+01	 1.60362E+01	 1.37799E+01	 1.35209E+01	 1.28869E+01	 1.53137E+01	 1.91568E+01	 1.54773E+01	 1.77500E+01	 1.82581E+01	 1.95637E+01	 1.56452E+01	 1.83786E+01	 1.46802E+01	 1.53293E+01	 1.61286E+01	 2.82581E+01	 1.95162E+01	 1.79118E+01	 1.52500E+01	 1.71452E+01	 1.53670E+01	 1.35158E+01	 1.44961E+01	 1.59265E+01	 1.54873E+01	 1.36580E+01	 1.27604E+01	 1.77211E+01	 2.18409E+01	 1.65903E+01	 1.84939E+01	 1.73071E+01	 1.83841E+01	 1.59319E+01	 1.27960E+01	 1.45626E+01	 1.33603E+01	 1.72145E+01	 2.79724E+01
 1.48790E+01	 1.67629E+01	 1.43784E+01	 1.61585E+01	 1.62356E+01	 1.47500E+01	 1.40903E+01	 1.53952E+01	 1.60000E+01	 1.84684E+01	 2.25925E+01	 1.58710E+01	 1.54684E+01	 1.44816E+01	 1.52141E+01	 1.88790E+01	 1.79340E+01	 1.72045E+01	 1.91175E+01	 1.57439E+01	 1.66136E+01	 1.46590E+01	 1.41415E+01	 1.42954E+01	 1.60000E+01	 1.72046E+01	 1.68409E+01	 1.77500E+01	 1.63742E+01	 1.35039E+01	 1.52048E+01	 1.54968E+01	 1.39217E+01	 1.31210E+01	 1.15722E+01	 1.55433E+01	 1.40909E+01	 1.31754E+01	 1.33770E+01	 1.79713E+01	 1.55299E+01	 1.55909E+01	 1.44274E+01	 1.19634E+01	 1.14689E+01	 1.38952E+01	 1.60000E+01	 1.37561E+01	 1.41879E+01	 1.38909E+01	 1.37419E+01	 1.47736E+01	 1.54429E+01	 1.28927E+01	 1.26177E+01	 1.78742E+01	 1.64146E+01	 1.62816E+01	 1.80570E+01	 1.74919E+01	 2.66520E+01
